32562
18255
13291
9070
26707
1290
15264
17629
26778
11191
20816
26088
24935
9930
17391
9667
4330
10301
30686
10333
22573
26246
32015
25581
8789
30406
20585
27853
20773
5955
19566
13196
21187
32280
3355
26943
17599
43
19215
32279
18513
9312
29168
28217
27618
30476
30219
20681
19918
12717
11578
23880
23657
2776
12043
23329
22336
17010
30
12158
30113
15907
3279
32096
22109
18952
14101
3055
7372
20904
31658
26383
24338
9514
29293
28211
18849
7877
11780
17782
7167
15479
16069
23784
25290
506
23767
549
4857
14068
32148
12333
27236
21870
22578
4463
14727
15495
7587
26663
31362
31593
26553
20714
22885
18557
9102
4991
4523
30939
31523
30193
17668
3077
583
17890
12120
8148
10939
3106
23560
24754
17299
7809
16503
18954
2015
993
24521
19197
139
24207
23530
9047
15748
20691
6098
3265
10780
4037
20232
1080
176
6243
18021
18365
8584
15073
31259
23630
20734
28736
27894
12310
8419
11810
31969
11489
2334
11485
24747
20178
29590
21454
13067
4952
16211
16368
12002
21598
32480
6316
193
25538
30195
9971
20907
31497
6735
25227
28444
21329
7146
27046
13385
31110
14411
5817
6314
13017
23863
10379
1974
1390
24204
12429
26094
14677
17261
15209
26396
26044
28319
26589
6621
24163
9779
24522
19549
5456
15974
26504
11874
17603
27589
30589
21644
30060
149
5102
219
13532
6513
22292
21617
4154
32053
24947
20121
10039
13339
9319
15625
27459
6692
15104
356
24322
28858
17679
20483
27129
13203
30849
19445
5262
13528
23788
9284
16431
17543
25960
5754
12241
26390
23712
31332
29852
24409
22313
15126
4836
4005
8210
24879
29532
30262
21436
4703
29830
18638
7403
10790
12398
29599
18462
20446
19096
32619
8476
11771
23095
8938
20176
11922
17567
876
8534
24856
7165
26815
1622
28013
22086
26707
6033
14360
28781
19356
30649
7125
20953
13752
29062
23629
1046
19538
3334
13860
4811
26566
3893
12344
10220
3717
6093
4648
14384
16316
20831
9236
21446
20784
26531
7076
28484
25708
14349
23116
14560
14111
28832
24782
19938
21184
4359
7168
25689
24435
482
28367
15629
7728
13918
7556
29110
20002
3080
32326
29547
333
23779
4832
19805
9332
30647
28613
32709
15930
29357
5201
1819
10631
3097
6226
25481
20269
3479
21191
13471
8908
25945
24040
15688
26355
27071
7270
25597
31879
31528
9203
824
16745
30729
12549
7724
16979
14140
2007
19891
17411
31898
26289
31112
26524
7115
28010
12726
28233
15709
7723
15440
24611
31252
23413
11107
6741
16513
1894
3881
2173
14550
10296
6271
3414
6905
13834
16281
24213
10967
30179
17141
22544
20219
1524
4749
2597
30047
32541
31569
1882
14978
20403
9940
13633
1722
13185
17222
9375
5580
27916
26530
13516
7354
9244
2088
1629
476
3447
3854
257
23346
16368
28019
28841
9977
23200
14484
32236
29308
24692
10050
1449
25389
27880
916
5102
22004
9745
25817
1560
2247
4065
17872
6204
635
9383
19228
25030
11482
22229
19954
1376
21749
24582
32533
6166
1468
319
13828
951
28875
6261
16497
26750
22919
12112
17910
16881
13930
26415
5124
21258
31899
26220
26140
7573
18882
10977
32321
26841
24602
26027
8621
7034
10440
17453
19907
27806
12395
19032
14661
12367
20980
8746
30151
17185
952
1141
17763
22804
31427
7906
30895
13243
6255
6965
26860
926
22070
11219
25216
30942
9157
16769
5031
18199
27473
20078
21349
8330
12334
14964
21695
27772
31646
27803
6698
15577
3047
3551
15684
18205
31144
26931
24258
25716
18284
3269
21161
23840
3968
4228
23746
796
17410
9696
4423
24575
13627
21712
11747
31266
21039
2586
32474
29957
22385
23247
9347
4335
24636
8468
19711
19925
3520
22056
13861
13693
14522
19875
3004
4324
24903
13820
30189
3292
20730
590
27639
4601
9004
8540
7973
21422
10131
9682
4606
23220
21271
17358
12219
3755
13024
18334
30718
772
5556
27084
4800
2846
24448
9303
24715
22959
15156
27972
23274
12134
7892
31317
22815
23759
21964
29209
3347
7030
1413
11813
19603
591
24629
29344
31416
6485
31227
16133
9639
20594
29739
7204
11387
23967
29415
2922
384
17996
4335
31587
23714
6146
17849
25981
29221
5191
29125
30991
406
21442
1323
30617
20737
9375
29814
9806
26724
10293
28596
30927
8548
29670
4046
22842
24383
14663
28182
12643
770
14721
23071
6497
28668
2040
8657
20301
13426
24618
8124
23622
10900
4825
941
2744
9648
20076
2431
4574
32678
18067
4660
6790
6812
32554
21317
277
10994
15968
4149
30922
23928
27160
4716
29767
11743
21647
21315
30541
366
15423
3164
13767
23030
772
8756
9226
13576
24702
7419
23643
27493
5046
9123
32177
9398
22532
11575
26557
13182
8496
23662
30760
27980
25303
14720
11548
21301
26384
15928
20741
7809
30800
26698
5017
1445
25227
17896
13334
19826
3996
12432
8394
31371
17127
10792
12249
14108
14397
4172
21819
16585
10752
6631
31236
29413
647
21248
22760
16613
15555
2775
1022
13588
14371
26673
30660
18312
950
6128
24420
8532
25744
18918
28213
8191
7022
28651
29317
11573
11677
29485
1430
16061
13591
21448
31974
4779
31728
26263
179
31703
26352
9545
27583
21133
29570
17591
22609
23942
19660
1396
32380
18199
15392
29350
18339
29353
30867
789
15165
18025
6635
20610
10454
15681
12991
22842
13142
21766
21977
32747
8582
11507
2783
15797
6096
26710
30259
14980
8007
10633
14359
16286
7655
14628
18197
14456
9245
11633
18846
13774
13194
9760
13041
9970
25348
28732
10046
15717
989
9822
27403
11940
11368
8481
25048
18500
19386
19413
24574
2625
10926
12664
21469
15252
32300
21986
2614
11523
28330
12095
4566
7741
14578
21442
629
31014
19494
12184
10973
22384
2306
22299
27215
1643
1634
18761
14626
32030
32516
13940
9389
30870
19598
7994
16999
12926
5075
24504
24141
26096
1618
31483
26756
5771
23807
15031
26176
19910
28743
30524
27108
17027
4430
7077
22123
7912
2171
14931
29190
22634
23862
17818
3078
20010
19184
16569
14845
8581
1892
32016
28704
31974
15901
14221
30960
15583
25913
10856
4122
12153
20332
26384
9371
24008
8008
3173
1575
5058
32699
11559
460
6737
17881
31406
12755
22438
24539
2012
1255
18897
13672
14417
16505
3982
23828
12253
610
29538
19239
22075
1482
11495
23967
17148
12105
19556
27000
9665
9293
1185
11562
32429
29116
18170
19572
15130
1498
26033
14680
2699
364
12425
11879
32738
9246
16272
7742
21204
22562
24636
15441
21913
8474
22713
743
29416
29240
30082
23142
18466
12195
5423
17873
12238
24349
9869
14479
20549
19428
19700
31086
686
8661
7893
14055
9773
17367
12947
12452
13144
24951
28052
6719
9195
4048
18839
6989
700
27054
1096
4251
14321
31475
27921
29367
25968
31545
17716
1458
26519
7096
26135
13861
20014
27754
8670
18290
24985
7278
4671
14156
2130
6571
18834
31354
8343
21429
6696
30423
8800
9716
26590
24222
7572
11523
14322
20708
26748
2902
29461
25446
4728
24864
3521
31109
28401
31603
2764
3215
19598
32425
3134
18752
11435
4100
26208
9865
3847
17041
26901
22927
9660
19282
21357
19191
1397
16539
9592
29025
9691
26813
17496
13618
18000
23522
9370
16791
2784
32056
28359
26311
25972
3922
21045
29064
8009
26571
31267
7156
5793
1580
22789
31613
1209
4623
15901
4143
24570
1157
26955
22837
11891
182
4390
4767
23687
8135
3915
98
27619
13313
9974
27296
3764
18223
6607
12074
790
22599
32518
3140
17103
7245
4257
2216
23357
18037
25365
7373
397
7048
15124
360
14126
21640
30119
18228
4741
5271
13948
7150
32739
30229
20609
24740
3764
29449
7346
30000
7929
11458
13102
23808
760
22206
14993
8472
26929
18634
16766
4953
8853
31851
22139
22275
6387
31101
20994
21113
2483
30234
1748
28228
22726
11709
19601
17755
4061
13223
6278
10913
24025
17538
6342
10160
10883
23365
1404
22741
4734
3415
7295
19035
24442
29175
31527
15117
20649
6363
19040
26614
18295
21527
28924
17771
11382
22849
16462
18764
8343
32211
20212
10886
20128
4816
30196
14812
28890
9131
9227
14312
24330
7268
31553
19548
14499
6900
27841
654
32570
28651
18152
28468
13626
4696
27036
25451
21721
2793
5343
20735
13131
6739
1443
17382
9269
7924
21728
5389
29028
32183
19685
14936
31423
4665
10476
22500
4730
27178
29424
30351
27021
20469
29635
954
8293
26787
26971
32333
20441
26876
30572
29948
7775
9712
1597
14793
13696
1078
948
28362
11145
2867
15026
20525
13700
7965
13479
24441
13670
9824
22877
21526
30858
7745
16664
29968
14942
25281
27873
16408
16221
11716
22815
460
7229
4466
7783
17208
32105
29150
5269
12444
689
16869
11292
23919
832
1882
29082
2469
19919
27232
28592
19502
14617
21526
25360
18111
6287
24698
29911
18132
26956
10119
28446
30710
19275
8609
8139
2873
6872
11059
23981
30730
15940
27543
25545
14887
31709
9014
30446
12527
27677
9456
2448
988
23586
32446
20947
12366
13406
5525
1509
9354
14224
14478
12945
3074
11763
28485
24593
12503
20661
1918
31012
5788
2474
9743
10337
12893
23362
24314
8139
25567
1209
6361
32421
5162
13965
16255
18824
7493
27445
2524
10418
24385
14352
22305
24737
9848
10908
26405
14561
18199
1512
29191
17698
4570
29772
25366
17549
1559
343
15085
2904
25854
28681
23778
10904
2591
16706
19362
19031
11565
32379
6421
27111
28929
7348
3464
31349
25569
2989
18954
2017
21763
17753
27158
25550
9037
29072
26739
1781
26975
29188
19289
7358
10963
27254
23509
27921
26307
6442
27758
6249
13196
5016
29449
23083
18386
15204
31242
17719
5317
32656
11452
11964
21922
15857
755
15184
14460
22751
20464
16960
1084
21809
14468
31524
24551
5225
21625
10679
7967
32555
32557
15334
14317
13300
7040
3623
17853
3592
20208
18956
15786
6316
30723
4888
14332
17046
25574
30161
29423
26018
1875
19734
29367
30406
16055
4531
25280
29256
22933
18483
7226
22574
29989
246
30165
19703
27202
7811
16585
12936
21123
22046
5914
19817
26791
7838
24346
18993
18486
377
10287
14143
20581
545
17622
18091
11834
3987
17896
27772
20978
13356
15133
11548
21408
30655
23758
12297
2838
10214
767
27340
24328
31381
3484
30767
3951
16117
8707
28587
32556
4207
25027
20768
16622
16390
32419
22729
27477
26603
20455
20334
30808
23883
19662
10971
13284
29804
4191
4754
32197
19192
19045
7357
25290
3225
16825
22374
20772
26053
19391
29162
27664
6364
23859
6827
17078
26992
6182
25862
28240
20963
31555
19333
23438
14136
5719
8789
17209
3875
26641
3578
5656
11362
18694
21057
24592
9552
2039
3446
26254
2232
6999
13272
1578
21735
3080
24394
4996
25861
32102
18251
17266
18597
30342
29992
24158
14746
20671
2160
17129
9228
28522
8105
31700
29900
9447
14657
27937
8677
26849
8392
23669
8564
17362
15452
22721
17081
5065
20068
17697
7533
3691
32641
2821
2902
9271
17601
14222
24602
10511
30230
2107
21329
26100
10503
10948
20701
30738
9126
13382
9086
8444
31682
5025
11681
27704
13917
798
9337
19966
31584
15702
337
7997
12686
31055
7457
6879
5815
29159
10847
16462
10286
31862
279
16183
28541
29359
28990
20622
1878
29639
3908
8402
27853
16602
12008
12178
28869
14474
80
18480
23976
13801
857
30693
9564
22169
17708
9477
11122
27697
7186
11140
32672
7395
21897
8890
7281
30556
2711
12387
32315
32236
3678
3306
9810
27879
10993
7399
24187
16459
8294
17382
20643
15522
6700
21610
18129
32554
3743
16689
10074
22836
15578
29626
340
31434
15564
27653
15692
12436
21903
3482
17980
14589
3572
15820
16055
29841
11107
14143
5735
30121
4834
13992
5049
13131
16499
25812
9687
25420
18595
8684
4823
16311
6240
5623
22065
15219
26379
10912
17271
27167
3790
21049
16704
8001
16176
16385
12390
2208
15846
30114
21361
18414
10732
18942
19026
20394
29909
19755
30293
1861
1632
11708
23121
31364
15947
835
19233
6181
18540
8724
1112
17349
30461
23627
30001
16129
5944
21520
22981
11740
29732
17177
29825
14944
31662
23409
31702
7049
14843
9592
4146
862
7933
32556
20016
14433
16964
8358
20748
24105
6423
18919
14681
12622
21188
32213
3062
14981
20276
28289
32062
15628
25538
32427
31871
25673
25165
31880
5037
29870
5772
31171
28504
991
11682
25793
8924
31767
15347
18217
31960
28360
21813
19876
32737
31361
27338
31969
21367
18453
25677
14301
16695
25338
9835
31585
4691
28911
31732
29388
24896
3297
5425
18962
13230
18704
4473
24837
28861
7278
18175
17363
1902
16199
15598
3280
22871
15143
3000
4982
15772
12793
6058
3242
12314
8300
22981
65
229
8091
10953
14275
6133
27116
17554
2671
8476
10040
28071
10879
13371
17453
785
22445
19894
22769
21609
6901
11045
25352
1589
28573
24653
22136
28277
32115
14414
18987
8056
18518
14109
17300
5364
30967
20277
26006
14166
8929
8074
1697
10583
11191
19903
29214
5072
14269
20632
22797
25551
16282
16050
13804
12010
13149
30066
10203
12755
20157
11323
2303
7469
677
18404
17444
9374
6128
617
11686
1062
28529
15072
25489
28591
822
431
30983
8421
3341
13565
28898
30535
30280
16742
19355
24190
29886
23283
11371
28398
30994
16969
22959
31884
21048
27168
7313
2031
10804
4343
17381
17833
16421
8966
20049
12247
899
30837
32689
22007
29861
17355
26041
24314
28294
17577
4060
29082
15816
4792
32365
30446
10489
5344
3333
27452
19990
30907
23588
12558
31053
15945
32283
6792
22791
11237
27433
7416
13094
15991
228
25263
32651
27116
4314
12048
3036
15843
17017
18662
3204
17065
19500
24315
16123
8808
18375
6886
327
29339
9765
22052
707
12741
1551
9578
29215
19811
29280
11834
19624
17439
19303
31413
13001
14406
24461
16304
26066
1660
30520
18697
21241
13487
22511
59
20383
19785
702
16689
27348
31402
12764
29016
30748
30421
22923
3320
14195
9065
12352
7876
16016
24020
516
21936
1895
25539
21274
11522
18417
23516
5602
23212
30511
22192
30717
30681
9069
23531
2738
6086
32196
22478
19088
16595
16098
31968
19029
31706
18702
28128
1295
28095
11110
17405
7041
12104
27243
17738
200
22319
12736
24428
23103
27254
21295
14997
5791
9979
14061
30903
107
23628
8479
29937
20363
18108
28828
5966
32310
8375
15093
4270
25878
24146
27059
4868
25255
18214
15583
22978
4577
25183
22216
5778
21526
26896
13568
5703
12829
13002
15016
12819
22704
20588
12269
24826
13331
18748
23251
32134
28406
11831
5426
5053
22685
30630
1021
19280
30270
24818
21450
16917
17323
14009
7823
27319
26416
19233
24234
17325
23743
1133
4901
31336
23626
14798
31031
20177
32625
21115
32526
19186
27229
23299
21451
8947
31724
1250
14543
20809
18702
17491
30773
17194
26479
102
9375
10564
19286
2386
1590
16558
15565
18700
22764
10271
10242
25113
16389
5470
19693
12448
4821
32505
4659
25027
26315
3642
32586
5423
31406
27991
8670
15602
26407
17897
25204
12174
14464
927
3150
8267
21931
12084
3214
29137
22662
30110
11422
5877
15197
12169
19406
30164
32688
32003
23615
286
12855
18809
9985
31669
28708
19426
7032
6775
20904
22330
11780
30807
23992
3890
2528
4275
27409
21798
6731
13282
4730
335
12006
10764
5705
15418
16222
30782
25384
3192
4682
31677
3609
27800
19287
20379
29624
32082
9378
12425
23744
10245
22373
21228
19409
17764
30678
24371
22641
7275
18508
2151
15184
19865
18340
28931
28624
32345
32483
20999
3780
22721
21020
6216
18040
13182
22677
27658
5107
30223
37
22224
8568
3378
32736
31603
28243
924
24055
5234
9170
4845
3289
11401
15249
16611
25502
17797
23290
23758
30118
24918
2061
28996
3453
8550
7005
32277
20226
28713
4955
3713
17609
26870
11479
32681
23741
29205
25796
2884
6154
15641
18236
27283
29242
8559
12228
9623
17309
1336
24272
25217
8943
18516
2186
18794
2613
26047
16591
20548
17128
16161
26746
785
23893
18080
32742
7251
14148
31481
686
451
21976
27087
12471
31045
5814
11331
26737
10780
31849
4548
30297
15962
6662
27944
32195
14491
25099
14332
24278
20979
23693
25
15832
29733
2195
21368
4012
9238
27837
7752
20376
28801
6953
12093
16972
14571
11414
22058
27168
24794
30410
20690
4254
17218
562
31228
2368
31296
713
28357
4474
20234
22586
7738
29179
26151
22857
30502
17713
31707
28271
10281
1803
17638
16324
9738
20994
18286
31267
27726
27994
16441
28552
11274
4261
26655
5820
23797
138
11711
11829
25793
26820
14194
1591
18604
5997
16765
13888
7506
32125
11403
16803
10437
6286
20570
28531
27359
10722
26292
22946
32727
24230
8865
30570
4371
19832
18395
9964
18493
27944
22146
31256
30873
26811
7953
19148
29334
29878
21137
23104
13731
2457
25356
32673
29763
10153
18501
10748
7780
2034
31910
14686
26093
24205
18042
29498
29078
4639
8540
5642
12796
3234
23535
20537
3317
2408
15824
7745
21280
1116
18889
21521
13249
11916
28744
21937
8908
3044
17935
17192
25920
7740
4908
7070
14262
16790
20012
7102
17210
7584
22412
23390
21593
20609
2416
28258
2171
14033
28567
3293
25972
29929
15247
1658
3925
9566
18725
1307
4232
20680
18208
25279
26652
4808
22575
5801
21085
4169
16415
32191
32680
8965
29009
560
11645
24139
3692
26201
21974
20736
13391
14058
26807
10469
8266
10308
17415
6935
1677
25382
23966
13788
11488
1161
21407
32668
7573
21704
22280
1838
1723
31236
9351
18774
6549
10695
32656
3979
32331
7655
25516
11261
12254
20654
24596
14038
21601
17463
20862
12480
25959
22811
28215
11944
15544
30798
22642
29378
22856
5187
10976
5838
28777
17751
13184
11161
7999
1388
20665
29126
20596
20180
9382
4046
10798
8818
4785
26950
6206
14619
15203
31585
18075
25666
27258
25269
8206
25045
11068
28226
9518
10082
30476
25520
12175
26750
12859
22744
30007
23655
27424
18054
24657
1768
3947
14461
3878
2173
2998
16060
4168
14776
2397
1024
12048
5603
16016
11658
25675
14567
1190
26658
16177
29805
10420
18012
23191
16450
10847
21530
12901
2560
23790
850
27977
10219
7844
22034
28333
29465
6732
27073
17639
19670
18197
18343
18352
4934
6816
7856
31448
18764
8536
19052
2360
30123
28930
19291
27623
32107
10644
5224
4529
32127
30795
20915
6852
26532
20728
3219
31917
26252
20891
20700
8835
19772
1074
14173
23906
5555
29395
31149
14619
13004
16889
29480
2346
14693
17692
13108
16873
9409
16772
1225
29187
14891
21342
3888
28714
20444
10512
29706
4365
31519
2250
3733
31108
27059
21597
14379
24846
27249
32593
13835
22654
26926
11057
13404
26865
25059
24106
29295
7939
3852
2005
1093
22083
22349
18512
19793
22756
15963
11667
6270
10165
23834
23297
29044
32339
9475
20286
8983
26524
29385
15425
32593
30312
13372
9642
21522
30324
9581
14677
12693
10655
26899
5679
26084
25945
45
30024
20894
9304
25833
26922
31224
24716
19653
10090
31746
18774
22004
4220
17708
10741
9219
27083
13576
5185
12220
32265
3153
9115
20043
6084
19757
27684
13215
2619
28847
27181
29715
15471
5536
1519
18766
27261
3199
32636
7783
4394
25798
22262
10061
14272
24431
1279
1895
3097
27319
6000
19319
1273
2850
1614
15044
32417
21951
21754
17272
1440
24493
21415
1607
17389
18142
5393
17745
17459
14363
27757
14922
32620
5704
1947
6104
26801
9962
31139
14908
27472
26598
18783
19253
3872
29323
22645
23841
14097
4051
13961
16742
11783
25062
13488
7696
30185
18144
19751
1724
3316
22740
13125
7348
7510
12049
8110
31323
19192
17572
11466
28108
5019
10270
22389
18110
29990
22679
30712
15275
20030
29682
18232
10801
11544
6755
17454
14008
139
11055
3479
3925
24426
16051
1005
21998
23056
424
18325
30111
2620
21925
26458
26461
21792
23269
21274
10713
5044
18251
26303
28839
5456
11939
8561
20128
12410
8235
23819
24453
22013
15698
6603
13541
23099
11711
12877
2624
26819
5269
3002
1132
22054
27382
5693
56
17415
25542
12726
13392
19314
15537
19123
10848
8559
8303
17308
21372
27094
32326
32301
15296
11364
31441
6441
8499
8207
24065
13901
29169
16535
8801
23683
30090
25182
2462
19033
9637
14457
23110
19633
31209
263
10960
28090
11037
19393
24029
4127
12685
3795
13245
19070
688
32235
5429
5915
21001
22415
31615
11222
22859
7347
6547
3674
27584
26251
10917
14488
22763
20126
2543
24948
25197
7452
30640
15805
18725
12657
12149
19811
13723
22810
13207
2276
32671
2231
29189
776
6445
11106
9795
21198
8340
31808
7347
22950
24023
7765
15124
14816
12116
26269
29256
4453
10659
3160
32090
19621
28353
13221
4543
9680
110
1618
25820
9289
4563
20211
10953
12376
7272
18993
29269
3871
15381
8805
586
23247
5784
18790
7154
19227
21030
9374
18137
25069
24405
16228
2517
20568
6713
30598
13636
10191
1741
22564
8853
11156
11413
5829
3338
22130
21890
26276
26555
26799
13334
5707
21727
4669
13512
11107
8775
3376
32426
28875
28459
15477
26441
10983
24361
8896
24021
26171
32395
17862
4482
5176
15305
20909
22317
27221
6734
4288
4675
14178
639
2920
9439
8985
21242
25687
11058
3063
5915
17671
1576
30538
1733
28259
31048
18314
13151
16836
24541
11500
1564
22046
15699
1077
29568
28028
11491
6092
2080
24233
29811
30484
12969
18224
16055
22520
28451
6535
16541
14024
14199
23432
19944
10307
23855
10528
8474
4597
12414
20299
23192
15555
6272
4928
31497
30148
194
31208
23807
12626
16389
9109
29145
25697
23615
4081
17896
2064
20451
24117
4048
31614
13410
23963
20273
14303
30194
533
16007
2767
29838
4415
7247
19173
13886
7058
3948
14988
3736
5595
10952
3342
24455
9964
21566
16882
22347
32146
4792
19080
20417
17095
1940
11714
13029
31784
5965
7749
2197
29353
1367
14016
4504
29063
1866
20605
5086
29054
4931
10294
15369
1085
28039
17705
14381
5143
14698
22126
28628
19451
4464
31369
32070
15270
27313
9532
19463
3095
18306
6047
160
22595
32081
7794
3490
32267
4561
2737
6633
31595
29528
6249
7198
11252
4229
14283
20351
31356
4901
27774
26083
23316
16983
14138
6904
8506
20463
15763
3280
1616
5401
9234
32156
29773
575
20106
25271
26803
17964
31401
25830
961
28785
26830
13790
6121
4871
1818
24326
19844
10039
21194
28031
11973
14775
25540
8034
12267
8726
22127
30280
1979
18777
1992
21264
27694
17383
22451
32476
1895
17058
25998
17757
14567
8023
31500
1105
30468
2136
6465
21577
25751
3943
23545
11952
28406
8150
10062
13577
2082
8173
21370
32120
20801
16780
19177
2180
18766
17937
20115
17435
21519
14716
21640
16342
11591
26834
13516
30335
7214
6079
6246
20689
31518
14718
24244
17790
26511
12542
27905
14967
11845
23613
7257
2919
18376
28408
14748
22912
30997
24711
19410
2171
27795
28931
5310
3290
22344
2473
32694
28529
32333
31875
29362
10788
12415
26437
13730
16882
2168
15733
25605
16947
2750
15822
7351
32029
29753
22247
25610
13709
19691
16144
27673
5637
4827
17276
14169
6384
4434
4774
18801
17966
14410
1517
23116
27084
2084
11905
16236
10259
26009
10627
32641
4805
27123
32616
17466
9123
893
4767
7771
16434
31288
24947
20496
10943
11471
7986
4480
1185
6605
26767
934
17854
2318
5957
17756
19793
26995
30973
24249
28650
14042
28018
30365
9910
31822
12243
1674
17408
18042
20329
182
20728
6756
7033
7262
30899
17496
1644
15452
9332
4897
17453
9212
11562
21376
10195
28172
17977
8150
1152
31282
1405
22564
5512
17539
11404
22069
12758
23376
5948
12826
20108
26435
29542
10967
5354
31147
9705
1884
3953
5397
241
951
12872
9244
12153
7815
17118
21122
31246
23220
25297
31871
18646
18781
16911
10328
1746
28690
15419
15924
19040
24388
25938
29228
26372
3321
18830
5281
19559
18372
25738
15570
22176
22005
5032
429
29619
5389
1968
13542
16983
11637
31161
21575
3581
11887
10061
9543
19469
9804
22984
11997
32371
2784
32001
1430
8026
1587
2348
7654
31287
31609
17407
6331
5642
22596
7444
15960
5345
1529
10639
7009
11421
3968
768
29746
7416
20288
3467
629
18119
14667
26950
12532
18557
5589
4834
18859
17393
16363
30606
18978
12641
15458
24
20986
25526
15629
22357
24517
8713
25651
28612
20507
31335
23615
3182
21226
12753
6074
20752
19213
30087
19831
7548
19488
12679
1293
14397
10899
12368
18314
3194
20990
26603
18534
32541
21940
6188
6838
7987
28571
7734
18082
13718
24891
8509
21273
30666
27412
31888
6084
25126
20021
2774
27448
32052
3082
13975
367
4698
22646
29695
3705
5049
29217
2015
367
15189
21780
16373
27561
9590
31619
109
26672
27215
8425
19111
6006
31454
15195
8507
837
17683
7957
27963
32502
25396
90
18616
22499
23168
18299
21127
27167
11539
27445
28484
28004
17161
17727
7064
3660
28390
5412
13240
10180
4406
9551
21550
12478
8048
18020
14300
12839
4640
5335
14142
22809
32325
15543
19695
31057
24056
12234
17263
5091
19535
479
28707
13868
14465
24416
8093
17673
21579
21031
5918
2118
16786
18578
20313
2650
17225
4826
19578
8273
30101
19104
14183
11785
20783
22729
7238
31393
32267
3468
29247
10543
14647
32457
20611
10673
20997
8349
29837
13895
620
19507
32168
12447
9900
10461
433
29616
6193
11107
24350
28075
12218
8091
28735
5678
12986
28729
964
5307
12286
8425
16000
11114
3985
11931
19052
14810
23005
18974
30447
27757
31250
8433
11868
27573
32716
10326
25789
8233
9200
7847
25551
24093
5334
14061
6221
3569
19886
8879
17521
9352
32028
28168
15289
32763
16166
25084
3047
31887
11856
24844
14155
21989
4101
29192
25668
10353
8249
27941
9733
10029
16461
32592
17045
22927
3379
30657
6681
30136
8402
5074
4950
10990
684
15634
12658
28748
3006
28053
14074
11192
16807
11919
31274
17686
27917
25889
20072
31163
28477
24947
10001
1061
6929
25603
22392
27625
5399
3389
5164
4588
32495
27467
6522
19670
29173
6702
6963
10692
3361
10766
25008
9534
6699
16334
14354
28776
3570
9188
4046
5756
26654
13160
32106
5751
13828
26474
29313
17683
15563
26249
22797
2806
3789
21697
29670
21289
4160
21893
10373
15819
12054
29710
5646
27399
21025
26098
7566
29251
17275
23544
16256
22938
6693
21803
29335
8589
26350
10285
22455
14581
10391
14030
28484
27964
19252
32733
13216
10957
14037
831
15599
8649
12646
11325
21022
8956
6100
13858
2851
18703
12914
16134
26758
16895
10394
31973
1056
19662
22423
18676
16163
16248
4290
30004
4442
10536
748
8263
23986
25772
21244
31619
28666
12070
10201
14149
2023
5893
11659
2439
5467
22324
21405
693
2534
29329
19141
9405
25486
9121
1479
28774
21707
29826
16790
23778
11734
4897
22716
28070
27427
13741
26109
23161
3372
9035
31287
32203
7537
13579
27021
32073
1213
25370
29636
24750
5802
12858
19437
2780
30311
5488
17221
18731
14521
6140
7001
27905
26432
25486
17262
9123
18684
30391
1311
74
5136
8094
25672
27770
27845
3828
13859
29327
21969
5930
13233
5785
30170
27617
2908
12649
22070
30114
13786
492
32501
3535
4692
26808
5153
14041
3528
485
22596
9396
22956
4382
14379
10632
30164
29687
17386
23210
4501
3713
14624
458
2091
26141
636
11886
31832
24205
20608
31647
22350
19793
12165
24033
11983
22320
16128
3433
22163
19477
28163
24715
8426
29980
24839
10866
4770
2285
25832
29203
3627
14921
4913
5475
14841
5346
2970
11464
9770
7280
26319
17102
30057
25089
18035
13340
3346
912
9829
19366
4246
18906
21314
28452
11298
22637
10795
28610
29307
9218
1480
21273
21037
8972
31884
10334
26084
27793
21563
15833
9242
14649
20138
19097
12786
31397
13255
24679
23908
32001
15576
14840
667
18141
17672
14695
24731
11064
25375
10978
8487
16862
20625
8099
6114
14837
16826
29985
31924
15058
4968
23688
9583
18193
29082
30311
691
21988
23431
22185
25615
5803
10466
1223
18280
4805
29789
19516
14239
8614
3948
28984
32366
25386
25419
7576
11667
13353
25410
6678
17201
20812
29736
10173
28019
7199
27942
3489
12658
13927
5565
11980
31065
26549
17674
15483
19911
315
1609
22667
15988
13279
26265
15406
15896
3214
20478
14050
30088
2771
5548
6564
21026
1448
5507
25184
21356
21132
4822
15277
23544
25301
11888
9399
2443
19272
8153
21884
22653
27111
5077
13116
5731
7690
21550
26922
26604
18097
7347
31080
26121
31513
16769
23090
5713
12685
2689
29530
17059
18559
26674
4084
29709
9687
26025
6226
5356
24715
31702
10291
32341
10352
10760
21815
29876
24656
30643
14742
22451
7740
17266
5906
2398
1571
840
9770
20612
12964
23083
26001
14944
8225
9923
32222
16248
19989
28527
3461
12230
2727
20361
28934
10774
7295
18923
23396
8879
16088
9393
21209
15669
9174
12865
26056
32206
28954
11145
11251
5508
27285
32648
26606
19947
16281
15376
23764
22531
11830
29642
11320
607
28867
17786
20574
6791
10683
26756
1707
32156
16843
25264
15963
7226
27688
19242
24434
30114
17702
16077
32245
19993
16135
27040
19801
9355
20752
18849
26684
11124
7395
3778
16467
18689
32264
15410
19108
25202
14285
28381
15349
30402
13648
27958
27012
19594
4058
25652
8696
14115
20334
30106
4760
14090
6562
31612
3259
31113
17070
9471
16255
31636
29891
20576
14782
21490
24990
17976
18494
26781
12892
14846
1064
4970
10640
13261
9660
31212
11155
18279
28482
7318
8475
15483
17476
24865
26639
3107
16634
7213
18074
22449
26118
24107
5247
15531
11362
1914
3756
10772
5526
26576
2321
6893
3118
27868
29362
23036
10347
9258
24571
13004
11577
5190
3924
13301
20833
12580
7158
26269
10496
28607
21245
7999
17208
15617
24254
19372
20517
23523
15450
25167
25362
28373
12180
22196
9453
12384
10463
14156
2809
7946
20923
22634
26051
8314
13122
12434
23639
24540
11006
18931
10163
27527
8702
27954
8828
21981
14889
26985
240
23923
26066
7536
17692
24691
7564
9819
17231
7998
10303
22339
19150
4693
10619
24138
18121
22393
27149
15065
27534
31249
3792
26924
17405
6861
12742
26385
13116
14985
4455
30188
16044
11380
19001
15871
13339
29553
20129
14056
59
3773
4345
31083
18770
31186
5090
24178
8756
25484
21724
3922
26991
24715
17684
27472
10437
7384
17532
26212
2271
20683
21281
17725
11583
32044
27834
23172
3191
12952
17020
10597
6296
26662
18230
4428
19438
9547
16793
26348
28138
763
22743
7814
9312
18449
20337
27496
9459
9457
24649
30900
6861
21100
29183
8034
5267
6116
5242
15752
3735
31920
31941
4825
27984
10433
29469
18028
31752
14470
26440
31168
17365
2062
7976
3324
20170
14701
13199
30843
11118
31328
20309
24455
17517
19764
25768
16485
24718
22755
19620
26003
24293
1153
1315
31821
842
25046
215
29781
26378
11085
15766
3316
25052
22797
5364
13116
32534
4453
31511
5521
21280
30829
8135
4200
17705
8938
9669
22605
8474
12403
25694
1323
1480
20690
26431
25288
878
14509
8331
10895
32346
18790
299
2706
10726
28735
27494
7631
12202
194
13233
14770
22256
3680
9160
13532
16488
2392
13309
2851
2590
8922
28368
730
28584
15468
12993
14162
15012
26254
18018
11424
5986
12953
29360
20641
8669
23533
6051
3388
16112
3147
28420
20455
5574
16256
29055
10861
15763
2628
4601
28910
29569
18529
17188
31015
27886
30232
31568
24307
6612
14528
10884
29202
27528
23216
22221
12586
29608
15967
21206
30219
28494
3274
17081
14135
4746
8982
25365
674
10256
887
18017
5558
22829
19792
31871
13978
12800
156
22676
12980
13798
4236
18712
9837
6198
2417
30249
29236
27951
19933
6693
197
26414
12037
18551
17067
29732
25706
5809
771
20296
9913
23516
31108
23305
29167
31243
15804
22343
12992
26167
32668
18370
25402
25158
10551
7891
23206
7533
19911
90
21679
11960
2545
12535
29638
7655
14666
1405
17092
28284
9497
26275
31185
24850
4191
15613
2693
24304
17684
22827
14158
17374
1716
11345
14866
31288
3578
25799
15893
7488
29163
17169
12572
5560
8727
15121
12243
25777
22044
13691
4460
4254
5739
1418
22153
26796
16975
26353
32604
4694
14123
6165
3340
5427
32003
25721
12891
22803
7229
13177
30599
19019
169
28476
21869
6221
3520
22500
3060
17020
18473
5895
14249
26430
14466
10083
27303
2386
27484
25805
19642
16228
12935
22635
1732
478
2961
5411
32095
2818
20361
14419
7875
32054
4104
25283
18411
17310
17779
15832
1267
24816
12922
24842
12485
8324
8420
11159
14324
23979
23439
26233
744
21826
2482
17046
19260
13703
20326
1848
24676
24619
22373
1212
8083
4776
10769
8078
8923
26836
30136
1877
27543
28086
11286
28266
3078
11929
6427
21903
5176
1120
22255
16350
17966
1817
17204
25343
21821
24533
22923
10142
13491
27830
5977
3612
14781
27465
19659
19333
5256
7446
32535
12995
25767
6774
16389
15889
27829
18341
7855
19634
10555
8216
5508
26850
20179
19473
6547
10765
29582
13424
12039
1855
26516
2252
9965
11740
266
27586
27198
12433
24377
14733
30233
8842
26860
7383
27984
29413
2585
26063
25382
7271
29892
22396
17239
32110
26913
24401
31577
27687
18681
27393
18658
23297
31310
20629
20906
8546
23874
31931
26738
15512
22837
23393
9029
7442
17710
11906
9982
21456
12156
18240
19466
13336
18589
21812
111
15723
30046
16386
2829
25015
19524
16176
5156
31694
555
9272
5911
2583
2605
2779
8560
387
27845
25529
803
19651
6708
3359
21527
19385
15396
28192
29410
26412
19084
18407
24789
3263
26579
12619
7992
10020
18488
28836
29142
26253
10353
10205
10941
28003
6034
1739
25407
13627
6193
30653
17980
16390
23752
31317
20388
27015
9050
8342
9527
27915
29786
25149
27791
29524
18632
14933
16993
15574
23453
17158
14080
15398
10857
17326
29730
13487
26939
25907
28647
12711
28097
151
20759
26945
21936
15308
26795
24612
27750
26826
25744
24861
5071
23264
8103
7440
13445
9799
13072
1845
31035
32253
11432
16768
22875
9168
3792
11617
14062
7865
32113
29870
5053
11116
15421
7902
8629
6957
25143
1655
12944
5349
26229
17097
19122
27765
27172
23005
23377
1098
25550
20137
26585
27954
4056
24453
6799
14446
19023
2275
3188
12296
13796
8250
17516
26983
21556
6979
12703
26144
29517
22376
9504
14095
5230
30074
3789
21927
12303
7586
374
10118
31521
16282
16961
24652
4503
8988
26444
13742
10789
23707
18837
6598
14152
31282
19991
28589
6534
31962
18998
28236
18167
29151
1885
9583
3076
16533
10726
22811
18799
71
32570
10018
21396
27248
30521
10996
22254
15661
19676
5048
26076
8691
8728
24732
5029
27773
4870
14185
16570
17929
1090
2394
31804
6340
12433
31278
7870
20355
14790
15740
588
15795
16614
24135
31660
17299
18826
9426
30947
673
27781
3765
26876
13905
7623
3377
20740
1285
2433
32193
12889
23866
19594
4337
9765
13055
3074
4979
21029
12716
12341
19824
6831
13776
18113
27676
13811
9067
20476
10637
1153
27742
31632
9933
21259
23327
6248
11310
26988
30129
15312
17373
2794
3284
25559
25274
19384
19321
6392
4967
24511
23160
21242
22431
18079
27781
9493
13258
30960
18017
30038
6350
31437
5965
17221
8231
30611
13764
16836
20026
19174
5225
18490
20198
6901
831
24305
24669
26623
4376
27325
24626
13591
8528
15327
11955
11812
2490
1064
23672
28459
19675
30818
22076
20689
17494
8427
748
24091
20392
7587
2046
22393
23317
24840
10244
26371
21218
9888
28545
27138
22213
10392
9211
29618
16794
22698
10577
27974
22871
8260
20815
30509
15170
27622
18816
28564
22626
1483
6979
16940
5683
973
29217
25901
26526
19587
7262
10139
29223
30636
31182
13512
4969
3536
19690
28954
23231
27428
8739
5134
19269
18863
16759
9085
31231
13995
24129
13342
23639
30510
31061
4941
23245
8201
10572
15882
31722
25840
15645
18757
15221
25308
27886
8025
25066
27054
3369
14038
28712
2325
30673
9859
29546
25777
8215
15011
21880
4985
1064
28536
32031
3674
29002
29958
21214
29216
20007
8217
32226
6298
24424
27785
27957
19705
14982
29885
306
8058
23261
622
26940
7237
3331
7341
2479
27028
9303
14120
32279
4375
11997
26281
2976
30872
6985
16095
6094
19931
1369
15713
30574
27080
7272
26096
10701
28363
22593
29692
21543
9852
28721
17770
4450
25211
18528
25237
27132
25758
18784
18323
2115
4687
22023
21177
31940
30511
21370
31841
9989
23296
30603
15338
5751
28353
20805
15873
30630
21786
16324
20511
25011
2555
19275
9555
6148
28033
5264
22594
5178
30233
20058
20076
27747
19943
30030
24753
26993
24425
14854
27923
25068
5463
20836
13757
11491
20942
7974
12613
16680
24750
28346
12334
21693
26945
11859
31665
4233
8989
24636
20924
11343
21067
13933
25148
1761
20136
3164
12696
3729
6796
13077
1149
3561
19626
17293
14561
12444
20791
27443
12354
21691
17999
26313
12079
31788
30612
8050
22026
29273
15640
7692
5900
31269
16765
18623
19849
6180
29530
7894
23158
19723
9697
26318
27176
21605
9407
685
18270
15240
16196
24214
24450
25800
3780
11673
23596
19178
31805
26831
30184
6364
18745
17575
25657
27043
8182
4219
3806
17556
28357
13415
25683
10695
4784
16730
31131
17097
5471
18285
22333
2961
573
26228
6029
1973
5846
19667
14892
22494
21123
6292
20690
17274
10570
20150
26955
2736
24064
23751
22720
5273
18352
22709
19512
19885
1601
29409
16990
19067
27218
20085
21125
670
5225
13304
25833
14316
3917
21023
16440
24048
27056
230
4177
5531
4881
15072
19019
4406
32737
16587
4537
29851
22757
7016
812
1445
14811
28554
2042
16613
17248
22636
5950
9878
1041
15431
2080
21459
31985
20260
22871
15368
17675
14319
4588
5799
4184
3022
8000
21788
7650
5041
21584
13570
20778
4137
28216
17047
31431
28541
16886
24429
5201
10747
30577
8547
29565
14476
30138
7636
14473
22923
25745
29966
31707
6103
26411
12806
32485
18471
29746
21066
25675
28830
28430
2614
13128
20128
26211
6507
10830
28387
7130
17277
9452
3017
14629
16620
6389
9709
22077
15446
28383
2811
13550
12266
14697
16070
21910
14112
4224
31380
18730
10407
4964
14012
25721
3231
22023
29300
14517
17161
15798
11748
29999
28284
4346
19071
5730
30489
16065
17810
1587
14785
8377
285
4471
14213
15613
3811
22198
22877
19187
12733
4654
7197
32628
2355
27419
14502
25646
6989
9782
7257
15943
12455
24956
17874
18499
14020
15664
22994
17192
7332
5667
1148
8928
23961
13619
31429
23006
11862
6162
12326
2053
73
14153
5267
4293
20267
28028
28337
23687
27861
25583
9796
18763
16213
10313
4838
3727
9537
20376
8959
6259
29771
19094
28401
7708
17942
20267
3219
30550
1864
31538
14049
30077
31969
5248
7666
17309
13259
2594
29482
4568
3761
6887
1456
4104
26133
17695
802
31654
28317
25505
12424
17643
22958
7187
12167
3892
25660
613
9176
4267
18401
5535
19704
5412
16940
31197
26656
10309
9787
5015
28279
10986
11404
26662
903
22471
29968
26500
10221
31568
28545
852
1109
25301
7670
14114
24742
18162
26037
26091
7034
13606
25160
12512
13777
15554
28371
11111
18182
25349
22948
4195
27906
8837
30220
23733
3247
31184
109
29443
30383
19796
2197
11447
17487
8316
22090
31819
182
27164
31782
1221
29283
2063
3238
19069
6358
5663
9597
24870
12940
11300
17710
15116
24369
18288
7897
32155
12818
25451
24661
32545
18641
1403
7808
20949
14940
16423
23507
23
29215
29051
23866
24057
19321
16558
16674
5119
365
7938
3283
18211
18075
20460
9216
540
6510
15477
24220
17376
10390
5600
12528
22376
23481
2957
6635
22707
21605
6173
19385
2829
31562
10711
17047
25745
28070
10826
15845
29421
24320
10548
20348
32101
17177
11939
30019
2075
21536
30810
28925
7309
18725
9846
21093
31583
20688
6994
26493
7003
9299
4775
1827
6582
18077
13304
27109
32660
17360
9261
1302
207
1270
23166
7201
6132
3056
15506
31774
9103
11182
17896
5539
26793
4262
15991
26845
7822
11646
17553
30687
26580
24588
11789
13113
23704
25217
1189
5325
2571
23777
8605
23774
2862
10935
11430
9578
7897
10502
513
16314
24322
8322
17383
4151
32060
8192
6953
23679
10366
23340
27412
16312
38
24954
31895
14629
14397
16735
25768
2294
21245
27584
10723
20325
5008
27563
28020
8702
3611
17989
6968
2878
30971
5891
25887
10336
9039
15389
3541
22900
13494
10048
18081
14257
6746
9860
9357
17932
17709
14749
28871
4106
7538
18261
22599
10962
20352
18234
16050
19590
21954
13203
14462
28115
25603
22425
28760
10695
6120
19940
31682
20451
4798
17188
25345
23666
24694
20753
24630
19225
20462
1445
6603
30638
8307
27272
23568
333
10371
8396
5670
25513
22999
25818
7709
15009
18081
3756
89
25620
3090
25149
24122
29685
17951
17470
8188
11938
28805
9995
32219
32113
22794
17373
9339
4492
1798
29761
30856
10496
15395
16329
15769
10768
29281
29185
9307
2255
31581
19620
1003
10990
9426
10768
17027
15826
1632
9208
12633
13033
23692
4697
24516
22079
5385
30383
10657
13132
28726
10088
1269
15377
23527
20377
21204
26211
27496
5872
14209
13190
4287
1514
15830
22013
31538
31301
18918
27041
16137
16313
7906
29169
10901
8419
31801
4777
27761
1154
5635
13974
28424
27365
27808
6312
3415
24484
18332
25417
1269
13199
22486
23021
18768
4836
17634
16618
7225
19397
10667
30603
4003
22760
17501
30815
21671
1169
23938
13271
31692
14269
10859
30992
2694
18848
11985
24814
2556
25426
25020
28522
29454
19398
6564
24365
7063
12283
982
19293
2287
15222
11034
11191
19381
5359
20883
22238
18635
4939
8678
32498
5025
16074
31647
23653
15799
29314
24272
31498
16221
12812
15098
23919
23998
1917
9521
27245
12828
32151
14716
22781
13917
2625
11131
3661
31431
32053
19020
8724
26888
18169
31662
32034
14457
11280
29287
17979
30627
14449
9188
4389
20227
1848
16672
1024
24842
12956
14023
26326
27496
33
30874
20851
3466
7438
7189
27511
22625
32546
1615
29353
2918
15747
12579
31630
8923
30199
19341
8251
6995
4694
14678
4455
3700
576
13812
15812
3324
15627
7852
912
23042
8191
10233
8294
27519
31942
561
21339
21516
27678
12646
25926
31213
14545
7306
2911
16207
30439
6103
22540
32718
6938
28270
11767
1850
9866
12095
26980
26011
15026
16680
13250
17522
10651
609
13695
8514
22095
30487
6689
4431
31121
19287
6803
29350
7883
11310
444
11869
27976
15375
24406
28700
4515
9844
23806
30429
23424
5832
27015
25327
25465
5765
11924
9537
19804
5786
1126
29661
31379
10255
22514
26547
16611
10219
14135
10136
31066
25174
30670
17550
31618
28923
11203
11078
22747
22704
22691
20195
27784
10841
9430
28929
4937
11017
28463
10998
8105
18283
1218
7255
24185
22113
26870
25279
16252
28394
25563
16075
30308
21833
19133
2665
10237
17252
14073
25683
30633
4202
7951
13526
2316
31672
1529
28632
18952
7934
13499
14361
6380
19357
12860
18361
6888
22356
27988
16891
22213
7196
19750
21064
26578
12112
7088
15479
23842
5137
32416
16971
6388
27881
29289
573
17523
28846
31639
13180
11168
9898
607
25395
5516
11768
3195
5898
27850
5169
18741
30959
19492
32585
9153
28694
17293
11955
20431
19262
26967
6092
1121
24631
2982
8566
22746
17569
5669
17155
30808
1014
32759
2646
8004
30411
22001
19780
5928
8018
13574
2624
9408
12068
18690
15416
7251
6717
9084
9658
4163
23368
32517
22363
19940
19742
17062
30041
7306
15753
22922
127
29414
7501
13047
9801
5778
29033
32387
23625
23018
27034
30852
19145
27678
16417
23240
19122
28549
18118
17798
31405
18996
17693
13461
12167
25808
3080
21724
17370
19360
25213
19978
2794
26086
12169
21639
27341
14192
