19066
23116
6388
9425
13101
5610
6450
19982
28621
5193
27038
16754
4593
14895
20280
5638
25167
17420
4345
16883
23865
24696
30833
10390
22632
20189
17839
20183
13817
22129
6753
10679
18613
10600
8252
15145
19861
2151
28318
28963
7813
14907
29554
31476
617
11211
25429
2264
15966
19531
29942
10698
19522
31155
27587
15257
23158
4464
13762
8510
30946
31065
8380
13165
5946
13540
27297
8042
14464
23194
12584
10270
32715
32200
1206
32106
31302
24696
8833
7611
19067
415
6645
30175
6354
23448
24919
13079
27988
26321
7592
31597
22197
13509
8652
71
658
14122
26859
7997
10999
1899
4120
1320
32036
16984
4912
1915
23953
19485
20741
10199
11567
4208
6844
30169
29681
4879
21108
17207
5259
25706
23849
24075
28026
20124
27607
17774
2884
20128
24546
3145
20481
11714
20149
24168
13338
20307
26793
23504
1105
1697
18217
15955
16641
2343
26133
32097
679
20736
19555
25633
1954
930
10252
19904
20279
12488
24870
31754
26072
32176
26701
15415
18086
4231
17480
19975
30260
20514
8938
16657
14990
19438
28981
15447
5242
24618
16070
25631
24061
27219
28781
20990
12833
8672
1563
21302
502
26928
30721
24898
31447
10945
28406
2222
8686
5794
23577
12844
18683
21547
13240
485
16464
31723
20337
16653
27168
28130
15255
1466
4858
22512
29656
3318
13201
142
21276
31506
32702
10684
15023
30270
26312
8250
13475
20311
26850
19195
5488
11520
26101
20183
24798
27892
18848
6784
30245
12187
14462
28343
18258
16859
8871
14016
8172
22832
24441
17683
16088
22015
13976
18516
18298
39
31283
3205
19997
29146
5769
23675
917
9387
15020
6030
17442
21735
32389
20373
3480
12073
10777
786
8381
31785
522
18345
20979
16085
15713
30935
19735
30883
2186
16096
20648
2085
14752
521
9260
21982
6636
7688
19919
17236
26792
27065
19278
4198
31496
26386
21011
10976
7547
12121
23202
7245
6702
28564
31539
2572
2257
2370
21920
31654
19359
11080
7298
23391
23960
30510
29591
25867
22033
1675
12136
30499
17775
25790
14376
31256
20272
20703
5086
20967
9515
23542
23495
3566
18456
14186
8437
19198
12626
18364
1085
31665
18908
20340
1360
2814
21154
18012
19752
3338
8706
12525
30630
29249
23179
3079
8313
28838
32517
8421
14145
5991
1969
21839
24308
16565
23762
19473
23681
21970
23147
27053
22708
6508
16715
4429
31066
27689
14663
11771
5541
16259
18631
23572
2514
10966
25988
18170
28168
22199
655
3850
13444
12936
16278
19406
29427
10313
7523
32371
23327
17073
23461
2173
9934
31102
25587
31417
31463
6153
26126
20595
1495
29213
2406
27370
23859
23305
22496
24833
24223
4852
17879
30519
6126
7793
31585
21465
31371
15444
17107
17271
24087
28099
16519
8596
5715
17552
22492
14753
8257
27590
24959
13357
10886
7809
5865
25686
32019
259
22313
2435
1028
4101
10468
22869
456
6731
7578
26074
11395
30843
31274
13316
15024
30511
18585
5722
8971
10057
14095
8174
5038
2183
26658
17295
25722
16983
6231
29503
2232
24300
15590
21480
17408
15505
32702
22858
9818
10557
15561
24120
5028
23656
25713
3332
23092
17182
26467
11320
7358
21074
3987
9094
4983
21364
27264
19714
26746
24390
10425
26255
13163
31467
5792
14231
22619
2880
4718
16128
19948
4720
9079
32091
3766
27587
5808
12126
14825
31159
17518
3220
10035
31314
25456
24147
29156
30134
3360
751
16208
31478
22294
12589
17524
7976
9694
4090
20189
29372
7419
30301
21702
24844
20523
26539
20609
11827
6637
8186
27416
1827
15169
17623
14899
22514
10415
3644
5436
23669
10378
31676
17858
7952
9846
27137
5915
22988
24616
7288
2382
28074
20333
3915
11056
25656
30062
9616
24524
12129
27442
1984
4872
7049
23396
18026
8582
10202
18775
5416
30665
14552
18759
12755
11417
22844
3554
19443
6824
31999
28422
121
15733
31413
19917
15793
21873
12060
31175
9074
5985
32501
31622
13208
27395
11026
26720
26291
31988
10929
9072
30977
10193
8
12254
922
30876
15137
30816
13803
21090
7912
12289
17253
29979
7299
12322
22902
27602
6369
30654
12729
9734
12438
12274
5226
16463
28134
22972
24348
16453
9503
2307
25518
18333
27437
20695
13179
661
23144
17659
10961
21907
6576
13472
20645
3592
22972
628
24196
6811
15535
15835
1229
3716
23532
24956
16158
29749
24620
23296
19724
13120
24526
16406
8983
3445
30574
21691
26588
30538
20664
18104
20877
20353
2942
17004
30623
14852
15625
17611
27842
8724
31149
20135
13590
10146
7328
23855
27804
31741
16909
19381
12779
29102
10083
692
10532
17312
26099
6161
11047
22405
15290
17569
29959
32628
22139
21228
27580
32471
21778
27440
18456
22148
29444
24745
16125
7210
4698
25616
31180
24815
6064
16226
29472
27479
19593
32482
3005
18536
15333
11105
27587
30732
15638
31165
1064
14518
8399
5032
17508
13896
13438
23978
22638
8245
4059
24169
744
27362
24769
11049
26518
16467
10558
32143
23061
25603
9190
22186
1226
3603
17004
21300
31768
423
31347
5396
4566
25230
21665
26152
32000
3617
29173
30786
10668
31597
31579
26224
17728
26260
12158
23425
23267
19312
734
452
5169
29562
1570
8211
29235
6890
1711
2064
4750
28960
7545
14767
21754
30787
8217
24565
29942
2088
10273
2815
27579
30837
9388
19269
11886
13830
10809
4640
7321
18319
29881
31626
13020
1411
20454
25893
21984
2357
22999
30336
18829
5950
21457
32405
10365
2334
30049
19094
28592
31270
30119
23017
29313
15253
16117
4977
19160
21505
153
24591
6562
3576
4854
20072
11134
23016
25050
9193
21945
1852
20747
32521
8061
6344
20259
28366
2885
14439
2718
9107
5268
3554
32050
7432
13799
32020
16735
31098
2792
3916
26182
19029
25316
3059
13758
4583
22399
1135
8357
20070
15271
22342
17780
13877
30406
28295
17686
2403
8252
15718
23035
7285
28428
16678
25960
101
20949
2364
26385
27626
17157
2737
4841
18938
11593
17096
31033
4493
29768
27873
29935
19109
30096
20381
21561
25739
5584
25923
28499
16731
11849
25442
8606
6850
28287
26040
22769
9223
1588
16467
12083
3400
11158
15606
16938
19463
20920
18366
15758
19685
9023
20229
19298
29356
5470
23175
24196
1683
9988
7619
2946
32190
8275
2469
25519
14341
26197
8545
1654
7158
14058
5794
23791
13341
24837
28900
13232
12675
19736
17438
9958
30580
27085
15013
5284
5253
20727
30285
2426
19670
14536
3281
23370
6549
1348
9077
26199
16835
3573
28137
8351
28731
27617
5233
30571
27376
25529
17731
11044
20342
16467
30000
7528
30916
12634
4999
17757
29240
581
13623
15941
7131
15749
31539
9299
25575
4099
14363
13245
14726
201
6424
24083
7389
20735
22024
18895
28745
6170
11483
28717
28392
28752
11324
19773
27740
18255
4468
22070
16843
10030
15756
10765
3114
2980
1458
12358
8124
6008
25311
6667
21717
15928
17590
31099
4580
13870
2990
25412
14000
18064
28275
20084
19682
17911
20106
9868
8644
23826
16436
17366
11592
24988
18838
15865
27212
23947
7446
19659
1052
5771
21256
11110
32057
10666
26250
12670
13145
3925
31148
5874
25774
7043
9429
5536
6763
20016
21858
23934
7301
2061
32655
3815
21174
30582
10139
12082
14024
20900
1575
19337
15376
11300
19424
15864
20537
2695
18525
18629
22851
29788
30794
31744
21706
10075
16071
6490
31884
14819
19979
27195
5158
16807
845
15374
17438
21156
14820
30432
9766
27222
22957
553
26271
6955
9389
27625
8029
3128
2039
1527
20394
8490
29648
28054
5517
24192
32530
12618
3148
24056
22990
2282
29743
26439
21301
21493
1927
269
30393
21033
8431
3592
1135
19026
5842
19080
18616
4961
28717
15907
5920
13245
22166
30121
27782
2782
27006
6491
31870
14615
22195
13143
11763
14771
23592
14935
19217
25412
5881
13467
26721
16952
17322
1828
18230
429
21424
17699
14153
22151
31794
5041
15264
8383
8720
30144
30388
14077
18213
5202
8658
4202
23753
22249
5058
16575
8090
24638
6823
31395
24701
17205
11558
3123
24287
1041
14026
2530
6209
14820
935
7043
12531
25674
3902
8100
23071
18775
15009
6430
22794
28622
11736
6890
5015
2452
26754
9782
17933
25188
17855
11960
17945
9923
30542
14659
30487
5943
15347
18584
21389
31668
21788
3198
12280
27479
32707
1813
6860
15447
29846
7271
32182
12344
13142
16448
25636
12353
7549
13888
2823
11825
9251
6190
7639
32046
3362
5775
17624
14078
4985
10103
26781
377
26350
6048
20170
18494
20216
12729
29726
16038
29915
28672
18352
15862
6421
27667
11128
21465
14329
259
24082
5389
24986
21419
12735
2140
18666
13632
13485
15822
20003
5161
11896
26141
2150
28432
5872
32361
4770
32313
27165
25645
8120
1810
32128
25970
6621
3596
15004
8514
20799
23210
25269
19552
32235
471
16344
11830
6382
27261
26395
27151
20666
83
28710
26758
7372
2295
17906
30014
13452
20284
29905
25812
28021
6341
6575
22290
17525
6611
22167
26982
5783
23387
28793
28050
19679
18268
31274
30884
32629
20335
12460
24105
21511
24992
27824
27550
7016
8060
19801
30759
29309
2923
67
7300
27225
8256
19140
10048
31655
1807
14449
8491
18760
24382
4836
30219
30270
19679
1725
5519
4809
16701
6631
8324
25807
12725
22301
30283
3969
12488
21164
13963
24124
7534
27770
2851
13997
23724
29511
20067
30265
20840
3379
24955
16028
1661
2432
18227
30160
16139
32666
22237
32048
24848
24404
7048
25565
28221
22133
13175
6241
32514
12147
17362
23954
29676
3454
21658
1721
20784
10688
10466
16116
30856
30180
26429
24537
13629
18389
9843
7004
20101
29384
12920
31987
5136
29052
7582
1528
6366
1472
29193
26958
4179
28983
5987
10823
397
11096
16594
8901
17653
14520
30503
13472
20
1932
4953
10824
5033
30057
15665
2732
12280
25167
16966
25690
868
29926
22828
21479
14144
29703
9449
18833
12003
22910
3240
21027
15610
527
15282
26393
17187
7863
23961
2565
28599
19251
27318
12081
3558
28103
6358
15238
7178
17464
17457
6572
7221
16922
25756
10867
21260
9298
25343
5234
26841
24019
25352
14062
8411
16811
21793
17405
6881
3651
25760
17898
21271
15842
5694
5084
21535
16500
10955
31155
20323
650
6688
5939
4010
26017
14932
14948
31210
3495
26419
14648
4189
10171
15851
3695
11223
3637
16649
15800
24407
28134
30884
17177
14812
20641
25304
4496
23162
12537
18551
25851
2732
31565
18938
27445
21228
8194
14526
2178
15745
6928
4205
15149
15257
5312
9401
25199
24727
32692
22353
27795
26542
22567
27149
12376
14255
26742
16748
30103
22815
14047
11073
28965
4749
137
32169
14331
7970
26053
8768
28052
13178
11156
24981
12695
17586
13929
731
4278
17859
8752
5089
31958
20238
7054
27972
4208
25656
24171
18147
8503
19511
32174
28819
26107
12205
22599
788
13261
29045
24435
7492
5732
30076
4667
403
18367
18899
21054
10167
19212
26114
30129
5793
11977
29854
15012
6831
14889
23326
32647
11299
2489
29674
25836
6612
24387
11957
15503
19491
10482
2829
27027
13361
952
8496
5646
15183
15597
11554
25032
18102
5945
20476
28224
9081
22195
31623
27632
28343
22602
15369
3282
19989
14437
21599
35
3179
19654
24652
23399
28350
30132
28945
5293
21871
2649
22590
29204
32177
25705
5319
4750
30528
20228
5722
29668
8785
23774
19184
6651
18884
27037
10915
15189
11681
19074
13759
5850
4546
29260
6427
22233
9421
3161
27818
9546
21350
21263
16461
21846
23458
9594
27371
17945
13502
8246
20420
25254
7953
15760
3586
25419
28735
16616
20113
13335
28592
29018
9265
9370
22336
26525
12746
17644
19512
29482
2815
5105
25726
23201
773
25306
3080
31593
23990
4591
24214
3223
5857
2700
18849
2322
13285
6762
2702
1268
21374
5152
23848
29235
28638
22762
28237
6272
1792
12200
26343
17519
7481
3370
8991
29145
19984
12714
27085
30079
24399
16282
14386
27119
2650
12193
30185
25516
28608
17888
9499
12425
26896
27769
25331
9814
11502
5970
19537
17598
31077
5398
6851
11888
14463
29053
3505
15741
21267
19662
29655
14081
9695
19618
26872
25094
19670
2538
7121
1445
14523
8243
12365
4718
17135
16937
4599
31499
13192
30554
19124
31
28066
26429
12722
29556
13818
21875
1692
13910
18361
13132
19728
30522
11149
27277
31826
29348
1278
17777
22338
15175
18944
6125
139
19821
6340
3640
7966
29081
8148
17547
9951
12907
19551
3110
6557
27077
13009
403
21576
10540
26023
22574
15454
369
11906
32485
24999
28048
23930
573
26658
25816
8884
20373
20031
22604
9783
15791
25422
8010
20987
32364
568
5994
579
24023
25709
31657
4141
29285
8477
14023
27272
8828
11435
13549
12517
9009
27743
30867
1265
21590
12891
30369
1538
7604
13776
32212
10991
12693
23409
11620
28197
22662
25128
16100
32759
10842
18440
10089
29494
22642
31620
21486
6146
27964
11486
1271
30943
9466
21474
3445
11788
17349
15827
30954
31504
3281
14246
23757
27285
16114
10350
22832
23673
14943
12312
3232
14883
13239
7768
32589
17683
6209
21987
18795
13245
1912
28639
30935
4248
1479
13207
31230
3954
19601
13940
2043
19718
23412
14377
26623
11472
11983
3885
29686
18720
16257
14702
14439
10606
12276
25924
10652
13037
19035
1699
13316
1890
13367
19606
11221
17975
31520
2792
24565
25547
24258
27684
21531
2829
31782
32705
26162
15689
15923
30870
25342
9282
14196
12180
19969
19072
18715
16051
24736
11755
15174
18477
1154
24729
10882
15851
19769
11237
28301
15676
13604
27073
24161
21197
8595
2125
5485
15062
29229
27560
7718
29073
8079
8709
9662
10224
11574
7682
7475
28815
29343
27446
27532
14568
32684
4361
5472
25286
8266
6089
32151
4604
17233
25594
9076
598
18604
23533
468
31184
31417
2964
29616
11014
14066
14996
16873
7148
2510
10396
15941
25791
16866
25589
4020
23355
15948
28251
5081
32271
31825
9228
31173
13454
10309
6430
31238
13991
13739
24853
20448
12567
17054
29877
22490
31197
19056
10773
30589
26862
27536
29429
12888
10539
17585
21841
4167
5520
11560
21047
14581
30382
19606
11989
26784
13403
21960
21462
8732
20392
26843
14063
16923
14611
24740
692
22443
22270
3919
28849
26112
20576
11845
2486
29556
28603
1364
16498
2508
12878
3338
6723
3005
22411
4193
23117
943
1227
4514
25290
20416
20801
30339
16544
20236
20012
16274
5433
29740
24401
20183
21135
24828
30633
437
32134
28577
3671
8722
27263
19659
24540
29368
10282
1848
20366
23290
3227
14458
32071
30106
6305
11001
25434
1770
9555
8507
4299
7730
4075
8803
21439
26194
22488
28664
26673
27048
25358
2280
32487
19764
23713
24013
12452
18170
24978
6766
12704
21416
28649
10377
22837
28537
19459
20432
20955
22105
20526
5937
1366
3914
23155
19290
6446
18182
19635
20093
3936
15846
21238
5456
24403
19714
25599
30041
6925
18074
12324
10344
29863
13749
29276
10597
14334
16647
22426
20043
3244
13592
28761
17269
5175
31139
24696
19481
14471
30268
16713
27666
16030
10806
27109
24290
29059
31684
4546
32759
31103
606
391
2093
13196
20583
17950
17557
7435
12
6667
10869
10165
1903
30973
27791
2516
6149
4515
30118
24243
3388
2497
27711
11091
11874
18563
9125
7007
18370
15121
7727
2658
24336
18275
1221
11576
1799
24919
14241
28611
5712
30209
23635
23263
17830
8514
3336
5783
31032
24988
3339
23705
14670
15940
9868
28391
7728
4985
5537
26320
13124
30997
9354
28703
5494
30562
23865
17554
20700
32302
29714
31629
16794
21026
20463
528
31748
25679
21351
20199
3
18442
19280
10016
15290
15098
9858
1730
8553
29551
23262
444
21649
10485
7055
12572
12889
2858
17552
129
14640
6860
8046
28627
5044
6422
25936
7473
19154
333
8756
11051
25391
16534
23931
22322
27079
8202
11176
21580
13269
5388
3429
15885
22002
27610
16327
14274
5760
99
25042
3055
24393
31065
4928
24572
29284
14726
28798
20523
26201
31587
4088
1997
11652
19175
25750
10678
11455
20893
10630
7406
9531
10489
15165
4521
30127
9964
440
21113
30389
22710
20488
13763
30320
8188
23821
17264
6003
9754
14722
25316
5854
6586
26425
9524
15818
27302
30120
32659
488
30682
18341
2574
6500
25566
26222
5754
1552
850
1516
13226
23486
6602
7737
28901
17901
22749
15967
30102
4265
21881
31843
16710
14508
26489
9858
10184
18121
10106
6586
23987
31371
32490
24972
10518
2073
32353
1281
2662
27996
28213
9451
29115
8804
19785
20333
21564
10504
12837
11453
13784
16333
16972
26921
31544
15370
13257
88
6129
20297
3340
19923
27901
15343
5876
1731
27500
15648
13613
253
20311
9693
6332
27451
1814
31599
216
23212
6834
3849
32252
20912
10141
23209
27450
9180
17569
9535
4562
23365
25111
12817
11011
763
31321
32606
13345
31443
9850
22593
18664
14442
27444
15833
30736
6502
21025
27559
17953
11007
9006
31543
21129
2751
21070
27395
21228
17541
30059
3220
22715
20944
22178
7658
5384
7738
30383
4638
3737
13635
5030
19782
32315
32080
2021
22425
17752
9204
5446
19412
13004
8045
28825
1244
2549
26994
8529
20132
9
22316
2429
7761
9133
12930
10746
5532
25283
30873
30439
21880
8835
24987
20570
25589
7629
5560
29521
10597
32189
13163
30444
18621
24705
2815
10713
22334
16999
13137
25615
14164
32058
23511
8383
6846
20943
32737
29831
28655
12251
24351
13290
16052
12295
24420
24061
14360
29767
15273
8034
32133
25191
9301
378
25387
27879
13500
6615
12709
24072
25061
19952
10970
22823
18064
32537
22050
1610
28791
12978
22443
7161
4821
2718
22298
15183
16933
8695
14709
21072
7468
8703
12864
30845
1849
9050
28646
31142
22444
12155
26459
768
8885
30301
768
9847
32606
3187
14535
10309
28364
17633
19351
19140
18625
31724
15346
3200
20838
26031
11221
3217
23624
13584
14815
2344
8352
12019
6070
11367
8919
32174
24487
7030
22345
22716
28044
31699
25162
21685
16115
25321
6502
28541
7804
25573
10733
11452
7811
12229
2224
22159
9983
31665
3845
13950
6826
8591
26897
23213
22371
11986
14662
15190
5584
21906
5418
21622
27719
29666
16218
1991
30959
9566
17103
23279
30498
4867
21345
26103
17430
30020
6025
1534
5821
31833
16235
10287
28393
4827
3348
16624
32692
11918
12800
17244
6431
9086
9695
11508
21753
11597
23192
31121
2819
8907
29071
5022
20561
1991
22052
5251
1523
28965
24956
26980
15061
28465
27523
12300
25828
29235
27953
24612
13682
23876
6157
5289
3292
15199
1776
2461
20842
19131
27660
8700
11638
21080
24620
2545
30929
30168
14141
18762
20834
31633
32270
23082
10000
14560
1364
6141
16099
6336
7665
6833
29029
28827
27254
21028
10319
5984
27110
30168
24417
29397
8125
7406
11410
28463
32048
4690
4969
5344
28599
14643
10155
12464
14537
5558
17206
16911
29414
19947
21293
9129
26587
14080
85
8764
7234
17076
14015
30118
13384
24847
20648
20547
5555
10832
26781
30837
27427
25896
5859
8324
27799
15653
7701
28841
4404
15729
19215
30565
3650
25532
3083
29719
18296
24439
778
12238
5241
20803
6006
22620
32670
7849
19205
4524
25078
11787
21984
12629
139
7898
19973
22638
3815
21002
24041
24485
15063
22211
20066
18827
9583
3930
26565
12082
27982
8831
28235
23290
11812
3256
15802
1448
6513
26126
18497
27064
3215
12293
31907
8437
18418
16338
22424
70
11183
6345
9328
26059
7483
19221
12537
11560
31349
10923
30883
15905
15847
29313
2786
26984
14409
10234
12500
1970
839
21157
5668
3856
4485
23592
31022
4733
32735
11383
9827
24499
3061
22090
17135
12100
21479
26573
10906
6885
17245
13209
25836
19981
20939
9699
30101
9407
30195
31219
3084
11427
29355
25560
22133
15452
24800
603
31688
5398
6875
11569
304
16990
27843
29557
7857
11319
11875
24149
18190
3946
10798
19467
26346
20509
30080
30479
7981
23207
7719
32138
32425
1699
20770
32014
32510
12355
24232
5765
18618
31720
16237
28264
709
30703
32544
32050
12541
4301
12344
17427
26141
2910
19696
14824
19683
31098
10640
1131
19570
23754
23535
20903
19445
27609
15414
26032
22917
11630
25318
12432
14413
24090
18461
132
6635
21517
26645
9321
1818
21805
4333
4721
15246
4970
15788
26394
31008
17227
8835
20577
5675
205
20050
14642
19254
30318
1390
18724
979
31365
14754
3171
14022
5844
17267
22509
2410
11872
16552
15874
16977
13697
15370
9941
20267
12341
617
24968
25065
27321
18655
16727
26914
8283
2137
6932
26549
1162
12882
14035
28592
25135
8930
2534
17520
17728
29688
19724
26634
25233
5603
17125
6122
12782
20760
17065
31930
28264
5423
23322
4486
28908
14638
8631
1565
6426
4362
563
8378
14419
31851
8741
25315
13076
21168
11521
30098
19587
20531
7239
8339
20552
26830
20474
20781
3742
9118
2900
29700
24234
25606
10680
9790
6923
17399
8168
485
19634
25455
7544
2444
30708
20800
25219
30518
16349
28947
7580
29299
21448
684
26119
29132
23340
11888
9770
19297
21433
15140
2622
14545
5540
20727
18250
21082
29247
28099
20050
17730
8396
28304
16331
18805
28051
21082
13139
6767
24370
6676
10143
30556
17973
27116
11957
28286
27366
20433
10843
30672
19814
21298
11471
8937
11261
12809
20920
23586
17327
28441
9053
3323
32528
5491
24597
7099
1881
21823
13310
3671
27578
23993
15090
21653
21234
6266
24247
32113
27422
10745
25974
23488
3022
23377
17519
24083
15966
20805
2794
7646
8324
13441
31089
27098
21797
12066
6460
20391
30573
25465
26605
26806
17438
16396
27518
28262
27944
21726
17015
22893
19323
3569
1124
4218
25369
30472
1670
27161
28015
27825
22729
1494
24037
24195
3830
16549
5300
1701
10794
18561
13303
14992
13959
4948
19206
14613
28969
15639
19455
6561
2651
4410
32677
16576
22539
17222
27502
32224
3196
6849
24023
13912
17723
5714
5371
16808
1620
18981
13156
23298
30149
32145
30497
19466
27443
19448
26392
13531
10204
19695
27294
5450
19149
1951
32581
31598
21845
13675
245
31584
21433
6100
14399
21567
32297
26009
8941
26231
26099
4898
10974
24387
759
31262
16145
15729
13659
9324
767
4966
3968
15927
2094
10849
31796
29542
17923
27396
5417
15411
17368
12048
15781
23833
10574
24688
21884
7668
10468
2425
6204
31844
30921
14960
31911
23922
19951
26700
10342
630
3425
10430
19451
17720
10198
28527
31480
24405
21382
12425
21614
16612
6204
3192
4009
14938
25005
26866
16666
32171
3080
6964
27541
15026
7886
1935
12733
23251
10724
23076
15292
8159
30951
15596
9527
10807
4287
12027
1920
10805
11127
24837
29710
16583
9803
15137
29483
21341
5635
28621
23277
22278
30080
16434
4711
22229
8853
21930
5408
14730
7448
21632
19141
2670
15416
3063
1818
18815
19984
26509
17974
1741
21885
1408
30960
19748
23085
5778
30101
8171
32505
27401
24796
4172
21109
20731
8987
11670
3525
10184
15802
21727
13746
19688
5352
9197
20989
17895
398
4951
12018
19373
16257
31719
23873
6915
3068
2883
25610
11859
2125
27596
22839
17583
13518
9159
21518
23061
6167
28603
28166
29938
26226
7193
17882
27876
15760
8738
14557
3780
18554
3078
18061
16868
24521
25673
21098
4757
31258
13419
14345
17901
189
22216
25956
23239
23725
8125
28532
7178
20421
8716
21762
10287
28208
4738
25530
4605
19490
3799
29569
32407
13253
19413
27656
25785
30583
28348
18593
20799
13362
5606
3666
21735
6219
21671
26664
32599
608
9847
24014
2914
3212
7507
22622
8327
22492
20320
26999
19898
11271
18386
2192
8552
16217
32524
14988
693
15089
7688
22414
12296
20268
4346
25358
1737
27745
11568
10797
30825
29647
28221
7237
20643
29907
3670
4549
12546
19039
32252
30012
26020
11431
32476
691
30525
2845
26099
4416
7774
17056
18677
6872
31736
1008
6896
30309
15132
32358
31788
30744
4
8930
16727
27649
18519
4868
30174
7901
8361
4255
23966
26927
21313
362
14780
28818
29728
23289
21713
4941
28223
2796
6731
12840
30231
12135
15632
19582
1382
13250
12644
8852
17457
9601
32268
21033
773
21894
10419
8526
10883
6533
16782
27512
17436
16825
21052
25812
24
5845
13296
10202
23773
29758
4305
16677
21358
21111
5281
11650
11570
21980
4253
32327
26359
13716
5797
6118
17718
3777
20381
16065
32152
30713
4371
26176
6586
26874
30242
30241
30509
19097
32662
31248
2242
17148
32592
28536
15620
4617
21229
9624
11781
4638
12706
25561
32350
12547
4458
19039
1905
29981
26468
8414
15601
25316
18294
1967
27045
22167
10039
16163
10600
9774
18444
30999
17525
8080
3217
26824
20449
14086
15674
1257
14185
31215
58
12275
5230
6582
2211
15037
30270
8962
16591
30028
32661
13612
29696
16876
32100
19958
15171
24191
23248
32122
12698
22550
5758
5728
13145
23742
7438
11860
11473
24477
11493
695
15404
17213
10032
5525
10904
32295
29221
5848
168
28084
20620
28091
14838
19232
21119
30337
23566
30432
17262
18534
29831
3637
14694
6102
17011
32514
10642
2269
3834
3547
9730
1503
31041
606
10411
28297
14737
28102
4015
13063
8117
16317
11999
12151
20643
7538
6782
23454
1887
12012
3912
8922
23837
22174
7091
30808
23718
1851
28277
31623
25852
11211
28230
16589
8001
22015
32487
4728
3029
9921
5987
15863
27327
9488
3477
16714
846
30475
15082
27831
3839
12619
24169
19647
19362
12406
24560
28752
30905
12561
22720
24380
17441
6550
1339
21738
27124
10951
1005
4940
2989
2625
1482
25104
653
23380
21430
3611
12606
23058
19787
32051
6327
11430
17622
10747
13407
24296
23714
7205
24949
15406
18810
12515
21935
31588
7785
18334
26913
29023
1476
9963
14177
15726
2922
11707
23529
9266
23627
9425
19900
3248
7975
17530
7757
21413
19096
17016
8092
26905
7251
31807
13730
27703
5547
4452
22255
14684
8535
594
146
7790
18036
10047
8505
10607
3278
4958
16281
17746
30299
14422
24592
6413
12808
24052
28041
23791
27576
16924
10657
6708
23946
29958
26632
2263
1627
17831
6441
32679
10637
21100
26637
10909
31750
4654
28540
31597
8827
26979
19046
2139
25838
8081
898
19792
15221
18697
10293
813
6206
30929
693
351
4816
20194
16238
23988
22675
13971
421
15980
1683
26966
11099
4756
20609
2466
23668
9359
6395
27184
27928
15094
24332
21866
26458
15266
9463
26913
17431
1286
13360
23166
28449
29122
25260
13883
22173
14966
15706
28946
2474
10708
15346
23670
10820
22266
25069
21378
13927
23038
28884
13359
27767
11978
4030
30921
20191
14890
3093
1444
2809
9507
6040
32523
18222
647
10150
15225
7262
29382
22969
9740
16001
14855
305
9526
6287
31863
16979
22966
24478
5345
24209
18886
24906
14720
5643
19606
4442
25361
16983
18938
6817
10795
3709
8799
30497
3795
28742
21252
21367
24140
18103
10855
16755
11052
16856
8445
32262
2997
30650
10789
20065
4705
19127
4447
14427
13503
1276
14265
6675
5246
19781
17803
25815
24263
22760
9316
32581
13777
32533
21828
4784
22703
4444
30476
18374
32108
7535
4402
13935
4441
31786
30393
3320
21414
20944
21857
12912
32304
25496
17691
26706
28826
26216
27583
12133
4511
10976
2305
29665
23206
19098
32418
17619
16791
15024
10467
6850
29934
26495
6975
29075
7694
15787
5465
14762
7639
17508
17460
25682
30586
11495
9122
3935
23948
31559
5119
5138
5466
11373
30750
32060
9341
32093
28548
10406
31918
14268
212
6065
6619
10127
18571
13114
18042
7750
32749
1728
31261
9977
28736
14025
1606
20465
9783
13953
1405
11626
31153
165
16545
31127
15780
22431
32380
30183
11347
20723
29081
29063
25544
12249
14426
6440
1662
21291
9029
29698
21598
14978
13727
12825
20460
26269
5180
12223
17347
6402
22165
21082
15423
14055
28187
8807
18809
21330
6091
18111
7544
9344
3075
17689
23205
26756
24724
11217
9856
32048
20760
2280
21650
12088
24966
21067
15778
1173
3843
9048
5932
1576
763
29598
24335
19616
31857
10980
12166
21661
25491
13933
3929
24085
15250
891
4693
23288
26288
786
24057
12559
28827
6910
26226
21290
21241
10264
30666
30074
26692
30148
24412
24892
216
20158
18827
11159
20042
2839
10163
21448
6396
16250
12896
3196
29678
29108
23486
13437
25303
30323
18001
17041
9845
23630
5094
10400
8993
2054
8394
29204
5542
26124
32569
8581
2643
21827
18201
4502
19023
12038
3561
23834
13101
4205
6900
4732
11456
18636
11210
13917
12593
4477
23792
22910
6990
29408
2775
17889
12069
31391
16139
1835
4306
10039
32173
21069
7573
11444
1827
4195
23336
30395
25102
4316
29007
3022
16764
9948
25008
13772
7008
13790
29157
5047
831
29086
31696
30906
7467
21814
6190
15467
15605
5511
22383
24653
1439
4826
31942
11929
7440
3527
28540
13886
18443
9047
22153
18470
610
21605
4709
22971
26471
7242
2332
28842
32420
23225
30881
31718
16588
5351
17252
15857
26865
20975
27430
11351
26102
5750
11788
26747
72
17290
31219
13717
1993
23760
10756
4092
7693
31199
17032
18849
28873
26343
7933
20444
30856
14486
18025
32364
4000
22332
23022
9145
30053
17709
20895
6747
4508
9319
31634
7136
3123
16244
28982
12490
3375
6546
30439
25048
14565
18962
31168
3719
15469
9982
8113
3287
32340
766
7633
30290
18321
636
18677
17995
30906
19463
5249
11620
8056
6133
29566
15955
57
25421
20461
22501
26660
18916
3163
28738
23378
19397
17334
9588
29499
470
15199
14115
366
1465
15232
19874
19078
4337
16800
12848
27993
5958
16757
23671
19058
24682
26617
31065
32706
25820
5312
20204
19602
29197
32136
8643
29116
22978
12306
32624
25115
12473
26160
4678
22336
24719
24608
25188
7782
4321
14616
10223
12712
11186
27170
4766
29042
268
28458
10876
4662
19946
16981
11753
4704
10838
8597
4322
19595
8911
21115
387
31221
237
22604
5578
14640
1864
20566
1694
27931
9365
26756
7184
2065
25106
9265
12000
5984
4389
25402
25411
8957
31807
24407
227
13686
7943
5035
3112
8231
10677
17049
1206
20401
21435
3546
27959
17576
16811
21708
90
1164
597
19725
14107
5883
26415
2377
1094
25380
15355
25168
26934
383
8611
30316
18403
21948
4200
13041
5660
1273
17723
7189
22032
7223
7787
18178
30739
31503
11137
14890
2463
22177
29801
10203
21913
26830
15314
14099
22998
8103
16598
20117
13790
24868
17374
5692
30448
14106
21184
8848
25926
30567
8235
32407
13977
15471
27205
2030
18920
16845
13458
20759
20598
31042
22808
32277
2066
27633
13505
20278
27290
15311
29440
20017
30402
22869
15543
20848
30226
16760
20057
18863
25646
22490
14668
3526
23386
12610
21649
6339
10813
25162
8358
28220
30437
9815
8875
6372
4876
29390
31429
30555
26010
19077
14784
19275
3435
25976
14840
16048
8529
190
32633
21367
12637
27323
25445
29003
27994
8086
3734
1452
5275
2541
1925
27201
4855
15304
22378
1391
28433
13260
2725
22826
28125
690
4189
29707
3935
25847
15719
30883
18614
9428
30313
12048
8026
22640
17727
21709
2466
20565
23965
7887
14473
18976
21750
8653
11953
15229
4509
5343
18600
18771
13611
8778
6763
16188
1568
15002
17960
6968
7373
7666
12360
418
22385
4001
13485
11619
22946
26613
16696
12389
6894
30804
31119
6219
18627
30088
18461
19295
32652
23643
90
12747
7965
1124
30284
32525
15953
21792
