1429
6058
25039
24682
29417
24620
31508
20342
15214
29404
30335
23039
24504
2965
10195
11977
5443
1133
20760
22221
5117
32048
31809
14405
23813
5901
6155
20483
24243
6286
23592
5382
6616
3534
14493
14927
11335
14566
21609
17137
25748
26280
24423
7272
17179
31632
15221
13099
3140
19703
16598
13701
20486
6794
8661
30880
2730
15355
12715
13283
17106
22262
4771
1661
18617
12631
3964
31554
31420
29594
9231
32439
13082
28562
31026
31592
17144
16222
22491
4226
7848
20634
22409
5789
7978
12242
19423
26330
31987
10300
13714
6190
26606
2982
14982
9981
24769
13997
26932
15083
14161
9520
19279
32495
21128
11012
2983
16297
9558
9449
13133
17397
29941
13757
16888
5056
21618
25584
9639
8474
31081
11064
21896
1933
19984
22150
5145
21933
25718
13880
7309
5361
12045
1680
16241
961
8807
6757
12943
13776
9277
7704
6163
3756
27573
1738
236
19092
14052
460
28277
2441
31122
30807
5973
4263
26942
31614
29604
13750
2658
11360
21583
10493
8953
29858
2493
4438
13885
8989
23986
11912
28085
16595
25716
30160
4975
12840
26925
23745
395
30799
31121
17999
11001
9986
21696
17958
8578
25206
16750
11840
15629
31118
3905
6838
18459
28751
18298
28630
21909
3732
20696
32375
9159
18178
2745
17033
12460
2623
9091
28656
25452
23135
11842
16787
28451
12959
15251
16047
21220
5974
31168
27250
6910
25128
8236
4549
18301
7805
10738
11113
31732
2609
9161
32325
23674
3726
4395
510
15347
17783
11446
11721
32657
24293
2002
10621
23450
31384
19860
5357
19819
18950
11490
22900
30397
3736
11736
14801
15911
18453
30315
5173
22756
10078
16972
2715
8663
6493
4623
1368
25036
32312
21901
17395
27905
24778
5511
28726
14821
16979
24716
26501
21791
20078
32540
11887
22226
2884
13069
17027
15647
23040
1582
15973
20460
23427
27691
1057
29156
3416
15280
25022
703
13034
17105
25623
14020
24308
31402
19430
1932
12602
7746
22818
8712
7287
10422
24715
30150
18582
32403
24451
18799
25892
18051
543
30869
6
13612
20350
16043
13415
20565
28761
13141
17909
27978
17372
23523
31821
28290
14004
30231
21171
1152
4202
24623
20487
30199
10991
16927
6900
13105
18552
23583
7787
14513
31627
7781
21072
1304
21850
28212
31859
9797
20049
15381
32193
8640
7403
20325
32700
15449
28361
27407
5672
25868
14341
12187
10503
18216
3268
24168
15048
18353
14602
25141
24252
29186
2771
16614
29641
6070
607
23173
30562
10185
23757
6536
1206
251
11499
30802
21544
17269
30285
32764
20224
26031
32412
9300
2912
4241
18737
8486
17529
1753
28898
15547
8958
7100
21532
5024
27097
31952
18227
20904
23326
21289
16629
31796
26941
32706
13701
12722
2171
30495
4967
612
13475
49
5847
18019
32504
23162
26463
5347
14447
3954
13224
16568
3099
29480
16273
32282
7657
6188
6270
5541
397
15021
25586
18595
7612
26335
31841
19086
20380
24223
20543
29649
25209
602
14173
4559
12217
16683
12917
30758
31506
21571
18692
14133
24314
18830
31063
7132
23903
8596
28393
23682
26777
1181
29420
5981
30877
21272
19238
1517
115
5437
31486
2506
22506
3570
6871
30368
28042
29931
14748
15736
21706
7190
31900
23865
1155
1078
29081
15470
22949
9421
18203
20553
12841
27456
24330
13544
13382
13622
28540
6872
5608
19009
9676
11736
30814
6336
32748
22751
11346
14852
20476
2912
29183
433
7707
25548
2462
7271
23677
25433
10273
418
8637
3842
9252
15583
23925
8654
28449
20993
15117
13398
12003
16626
9936
32129
2877
27789
10565
4243
1019
26812
3260
15462
25369
29661
295
28662
7987
8043
12843
18468
16957
27610
887
10931
10356
23490
26453
4759
11156
16960
894
29039
3660
20634
6195
19024
15343
10017
23945
27076
12396
27996
19205
24338
7296
13666
32104
6848
6698
11912
11980
22103
1376
27452
29936
10598
19712
15921
14801
28617
20489
29373
8826
25899
6923
25727
22556
6602
6620
14916
26465
9338
4493
18475
10750
13805
30364
23816
28296
28977
29547
32519
21128
11642
13041
23442
721
1314
17328
28276
22033
21998
9959
9278
30119
5779
24584
31721
2228
9593
6252
27582
5493
29886
11078
3443
3280
14206
11734
21911
13356
29778
18399
23088
24966
8470
28762
27810
15809
11248
25196
2770
318
5517
24214
27532
24237
174
3116
10786
4131
23268
3848
21846
14956
663
9599
25978
6818
3661
25236
24022
12798
6441
22636
7498
25583
14514
18178
8757
14953
32727
8988
17813
17536
13103
2430
12655
17205
4741
29277
5745
6288
23443
14614
25814
11503
27150
19488
3210
16029
6371
6463
2190
20390
18625
2555
14751
9706
12247
9297
21522
4465
22239
9128
25859
27902
26459
7687
12974
3303
12062
2436
31773
4131
32015
13824
23556
18341
15146
3857
21225
10216
27079
14912
15495
30924
24607
25973
13429
14240
30220
22959
11779
24448
31504
9720
17253
3041
7833
30361
19
10602
11651
27786
10863
10502
18655
2348
20648
26935
31219
570
7391
18861
18305
4605
13449
7447
12365
6080
10005
27961
11993
7300
12238
17726
10867
4085
20226
30288
31089
20892
32356
2663
22716
23125
1199
22878
31883
6660
11404
29772
7793
23940
25270
23313
11418
20704
32604
12335
32338
29126
16071
24284
12742
1592
11580
26453
5903
27525
2596
17780
19564
20856
26218
9605
28623
13775
549
23382
2460
13294
11639
20365
5293
31957
12468
22334
18329
2896
32711
10685
822
26733
15570
26801
2652
5171
19989
28266
26348
26257
2833
22133
8209
31893
17645
29805
9670
1503
11800
11539
5529
1620
25904
26017
15534
24599
10019
32092
31494
14773
27796
1385
27649
5279
30336
10977
30754
10206
3617
1832
13331
21250
31762
19066
12521
15707
31413
29894
8616
30060
10194
4288
31242
9373
14720
9522
27260
11056
31305
20626
23914
14454
20617
17114
22972
13123
21783
2452
28321
1695
15655
25140
3211
9918
7023
1707
28539
25139
15497
10297
32382
21344
8857
3203
17527
1585
25647
229
26144
9738
29295
6153
14668
18429
2671
26041
24943
9537
21984
11505
5471
23007
32497
13369
29276
31663
15216
13361
79
7555
4914
5230
19279
4770
26038
27268
13929
1656
29445
28516
27553
15499
27612
24297
3380
3249
19725
30125
3104
28545
2595
289
18406
12039
19269
13789
23439
4028
16989
16436
15341
1460
23417
17164
2851
18970
19569
14572
17768
25818
18378
27479
11015
32413
22234
29785
2986
3834
7981
32351
22233
15082
5928
13900
5566
30589
28140
9160
12843
17612
10877
23515
11998
5423
17956
16828
13571
13488
17937
18915
6906
17599
6213
29541
18523
8231
14255
27521
6967
15168
23445
3958
12961
21606
13878
16536
17005
2219
1710
16035
21560
8393
537
31823
6569
10843
22523
8741
13301
12620
21984
13200
5289
11663
28223
2615
23460
30992
9892
7050
22114
25067
12558
15515
1153
11485
13462
22576
17789
7159
2386
19222
5055
19866
27513
23224
28886
1951
27080
31216
26372
17110
4900
20508
17404
2738
10112
13941
28906
1346
20481
8092
2996
14179
8800
7542
9599
22837
29585
31034
19062
20171
15778
4552
14022
6439
7397
29757
23789
21349
10321
25284
8501
4150
10534
15791
28283
11152
30160
710
2101
25764
29710
22238
15796
21521
1619
19886
25254
4695
26733
25567
12510
8846
16228
24418
30552
30040
24741
2566
14967
6164
5215
31306
10642
25684
22318
24175
3503
17297
24311
32210
5518
23326
26387
25721
8938
13403
1967
27884
31995
13611
7282
7238
3135
31912
32353
1163
890
30741
5376
8508
6652
17427
698
25129
15138
11800
28803
22663
20255
27166
15548
14914
252
20632
4439
12181
9694
14506
9531
7895
10632
17049
11498
27288
9248
9857
15969
21996
32054
23366
11328
775
16386
10700
7210
16394
1261
107
23663
5661
5204
6813
15592
20158
9864
20730
28451
25432
25881
9575
12736
2840
4436
24458
19227
23292
29706
19841
5932
11309
31379
31955
11435
15502
9491
32678
23927
15765
10748
4659
5688
17754
29396
13432
24899
21997
22073
3116
4287
28397
13090
8952
21510
23894
20839
21732
15438
15771
11140
784
29833
25589
1434
24228
12426
7930
30134
24585
5992
2161
16726
15962
11559
22629
13353
31509
32661
28280
21527
22039
6771
1402
5761
15815
1749
17722
31434
3985
22988
9884
11798
15510
5697
24044
7249
9889
26148
16242
4724
18781
28359
21063
22019
966
17540
1383
21978
5598
16806
15110
22570
9889
17543
7720
18879
26170
6389
30316
4740
8311
4314
28200
4936
21371
4124
32443
12482
7859
4035
30495
4051
7691
23642
20670
26380
1377
5015
18055
2416
4153
9534
25152
3707
6579
23362
29726
15203
28859
11565
10387
4509
15488
25283
12391
9891
1319
18914
12042
10485
13504
941
25385
13917
9337
11498
15743
26488
2577
26023
23022
13426
22928
31780
3790
5905
28470
16109
1669
3573
5553
14919
5975
25886
15507
25805
19840
26542
29442
32603
23424
24304
31409
11307
25783
666
1808
318
22065
15951
31936
6654
16835
28776
17738
27681
28503
1524
2832
25552
6276
6141
29060
2825
610
28174
7575
16450
27036
2545
8821
16463
29894
8381
9839
1925
8433
9489
21560
20000
23677
18074
27733
9186
17455
2779
2767
28413
13955
25389
29995
21043
12612
25604
1179
15932
11609
373
118
12904
27874
29941
31974
28805
28548
12388
4577
10243
256
586
32346
23638
5643
20320
3000
2716
27482
1362
17799
21120
6908
10947
22893
9822
7148
12433
13152
18088
24551
26715
10775
3208
891
17473
20414
18374
17505
17387
15086
13293
12812
13005
23516
18601
19586
7081
12753
26996
1387
5461
29914
14449
22375
19646
1984
4248
26533
28717
17978
27412
26034
24521
866
13289
7566
18270
19558
20954
28677
1372
17280
25994
9532
803
10024
993
19851
25213
22920
28593
9354
9324
31792
5786
10863
11559
29707
21803
26519
18783
27025
17993
3682
6342
6463
8661
28484
466
2116
28297
29465
4798
29054
2851
4025
29651
32420
21190
27341
20197
8645
24733
7905
20512
8945
14017
22202
9221
13878
19549
13033
5807
11726
18192
11680
14427
7318
25490
28869
11047
31938
20891
21061
32282
11983
1792
27307
14693
25786
19999
31217
32744
19824
4990
3733
27128
5253
13999
8944
32096
2600
25207
9412
26277
1879
12335
6932
22415
25167
6761
24120
12004
1863
727
5680
19831
2397
20329
29497
15457
16337
25270
21662
2191
17265
29597
20945
30589
24660
2092
22970
31040
20427
6080
23631
31690
20117
6254
12901
874
25426
31650
14277
11410
26938
24070
19331
31453
13071
28326
10891
6480
23120
20817
22653
28641
3760
66
2747
12853
31175
28928
18880
19374
2822
130
15539
19621
16368
27287
21307
15604
15495
20613
16790
30648
18437
4848
741
29781
461
766
21962
8378
25249
11961
26421
12518
24085
19637
8059
1962
14404
2802
17833
7345
25537
17667
27927
959
31697
25968
24896
31030
11991
30298
976
6110
11535
9565
20735
7141
28543
16059
32286
22309
27435
25526
26223
15014
1161
61
14906
6500
22324
17355
9245
2130
9700
8589
22692
32670
1694
7107
17434
8503
7976
24168
19102
18573
1472
27925
20089
18328
6669
26659
28846
29979
27222
11536
16339
28714
30962
22051
18720
15594
30208
23891
16326
7832
16728
26214
11905
21196
18625
29782
26481
4607
5732
3576
9766
31051
9088
5599
6138
16755
17248
22911
16035
26403
14986
7054
24840
10361
22074
7600
32340
31683
6158
27986
30537
25483
18947
30678
25048
17361
3744
10737
15086
7319
16753
7762
27280
19875
15287
8069
20010
18304
20830
278
15652
19910
6703
5113
15287
11931
23367
14889
20479
4986
9416
23952
11601
20275
30670
20007
10702
19763
2213
19294
12856
1542
28985
15550
12293
7450
26573
24013
5554
3014
19952
24882
1370
32138
11181
20249
17799
16793
27395
8921
30792
30100
26517
27604
18564
19865
9889
30111
397
7548
19254
15204
17656
1876
6818
10884
21165
29498
9514
30848
5946
13389
26367
4121
29805
32506
30061
22966
30753
5242
3156
25351
30040
18331
4060
10728
13194
16068
22117
3720
10301
5939
20157
12490
28374
19850
22166
15595
29359
3978
21815
27494
32617
23326
28273
14356
11140
3739
25045
5272
20780
20038
27172
6650
2390
25367
12551
32146
23820
30396
11008
19752
8453
20705
28577
13913
12153
31151
25084
23868
29747
26002
15706
1606
32488
3648
23088
5995
4039
7415
16206
13446
21073
2565
21338
31483
14955
21902
17021
8347
14258
15754
27740
31176
13070
5389
28234
10969
2698
8395
7611
2240
32611
7387
1788
27881
19038
20411
17442
102
19039
20117
16449
16970
312
22208
15070
19794
21183
24714
8102
8395
14883
20277
1632
28847
27008
25151
28448
16658
1968
19431
3773
20668
101
4332
16262
5912
6772
5528
27185
22861
18548
31741
31508
6826
26504
14207
14232
27719
24697
31122
2026
24553
24328
23493
2291
8743
4994
27392
31371
32715
12948
30729
24041
23163
10081
20813
22622
20633
11218
18910
11844
7271
15149
12728
27185
28271
4842
9032
1136
18210
13762
18991
7857
5055
9480
1859
10239
4726
17468
5590
31987
16846
6878
5692
22567
24388
26752
8583
9966
14644
16159
19093
5698
22525
6067
12365
27646
16993
5381
1317
78
24874
26817
12263
27491
17939
3788
27062
15211
23013
21207
32076
18112
13793
21557
2949
28255
11358
31721
31009
25757
17587
6404
27077
19477
11863
5934
27716
17125
28487
898
15389
11802
20904
21407
15429
22888
21678
8955
3878
16159
9404
23163
28647
3162
24269
30273
12526
13689
8978
24006
931
11986
15068
552
28023
7588
21949
14021
3622
5452
8682
30728
6968
13500
17380
5251
13518
14376
29016
27710
30619
21250
13123
14927
28721
26153
4953
7339
21374
26206
14504
20028
8342
1783
14201
18228
4019
31959
6263
14240
29305
28061
23315
4160
27007
24348
30502
3478
4876
15116
8664
31037
5918
15102
22978
5500
13489
20630
32335
26395
13373
24052
30312
20853
25473
21107
10832
14543
32383
32662
21708
7912
10696
14911
28552
28113
25081
7202
16054
25855
1158
31098
16376
23711
21942
24314
128
21289
10223
11271
7797
31032
2100
7460
31129
12185
5100
23214
22314
11170
23525
24521
32006
13765
30872
19866
2066
13925
13231
32439
475
1255
27332
28379
31102
11533
3948
19167
9158
7807
26740
15589
18069
31403
30826
18647
29573
29903
11615
19728
21966
30804
15852
31576
5995
2398
22387
24086
8568
5025
423
15809
15327
7030
23375
31384
20531
1326
5191
11923
21468
26278
18631
11161
7541
5915
8679
10739
10610
28992
24419
15105
4614
31630
11932
21547
15940
27356
29408
1563
3204
13103
25323
13353
31752
6867
8110
24599
6623
939
10319
24063
13578
24261
20336
1161
7646
32305
5556
11617
29865
14612
3455
6633
19352
5624
11262
4139
8152
28518
11112
17425
28156
18103
25219
24792
26015
14631
13673
18114
74
19243
908
20747
32664
32261
14072
14367
5783
25493
22744
25610
17010
9330
20284
17200
5709
11321
10265
31038
32369
28709
5521
31328
16041
992
32629
26293
12267
28825
19977
14848
315
599
20999
9120
32717
32653
28134
6850
10858
32494
25691
725
5140
20354
28705
29758
23021
9978
2294
32077
12373
2625
31206
28528
19283
9299
11467
3239
9782
32594
20245
10552
28284
21463
13255
5540
5618
25222
5826
25817
20509
3045
9542
25257
32473
6766
28598
20091
21056
29410
10395
11841
8141
7905
21740
19882
13505
26040
20877
15768
10182
26490
21013
26580
28115
28242
15572
2817
13903
27159
2069
13006
21113
18977
31904
112
11271
10587
387
22352
3853
154
21778
16896
19233
21293
22317
9076
28605
2486
18625
2159
10213
28472
9361
11579
30985
1136
30007
2973
26924
7529
19557
1288
20550
32075
16241
32017
22759
25715
3345
30755
29726
17609
20579
4724
17561
4174
25904
25399
17677
22005
24945
8212
11737
8372
18450
5333
24038
19674
22775
17250
19153
18339
8765
16367
15436
27914
14018
7540
22209
30686
11751
32349
14649
14360
20628
7555
12925
876
6013
25436
20858
5150
24228
23406
21738
18967
29215
7690
15921
568
22556
566
2949
30702
31778
11243
23890
25863
8090
19073
2781
21444
13197
7015
27175
22319
32687
1303
20244
7598
15005
24137
1484
4569
30563
13671
19554
32137
3137
11330
4020
25393
22191
15363
28562
370
158
30052
20002
13545
11009
4384
28290
11340
8588
25767
26288
8885
31675
3863
26791
5181
20247
29288
9931
8397
22197
19686
22407
4401
13311
1765
7221
12910
11446
2224
20286
31574
2616
11458
32130
12377
32255
8761
3834
31134
12139
21383
25243
8019
22209
9579
24958
24641
2419
8736
19775
5795
7074
25812
19875
7992
15073
22875
381
13975
9788
9253
5842
16579
10105
18029
11835
12031
12701
21172
3467
30691
18610
17774
26034
21936
5832
22011
12257
16097
21050
21464
26095
19714
22834
25623
6652
1477
9839
13068
12628
14931
838
28234
18069
28896
6887
6862
30485
3202
21218
7033
8062
10051
3306
31684
19387
21109
13784
21167
24088
12613
17907
20986
12708
8595
5742
21912
15322
26369
12338
1889
29057
3146
30686
27399
29393
28374
23308
26187
17111
10379
25303
6512
3611
19429
20378
7152
17535
9801
8697
29039
2666
31894
13606
19181
17702
30206
20061
26687
18055
10516
17841
11712
23502
32549
11275
16964
17356
25036
4720
18765
20555
26305
22146
3458
13993
28146
6218
12124
21446
26069
15668
11299
26401
10748
9307
20761
2365
12266
28679
28405
24906
30245
2164
24978
24065
27020
15318
16361
30160
13547
8089
18493
12855
11981
5869
23701
2674
22929
8834
9071
20824
10688
23952
8371
14979
1694
19483
23270
15025
14591
24181
24736
18282
15452
19972
16960
14819
9766
14149
21470
22819
5978
5393
19329
20324
27734
288
3986
3772
7915
24011
18833
26876
3763
19734
4359
24281
9125
6381
17084
27209
32486
28846
22569
18480
11746
8168
21296
1340
5020
8803
4619
21005
31810
14688
8067
25242
3845
26145
21346
23760
4648
28076
22314
6780
13654
18893
25351
17002
22072
11098
18179
31950
29511
29114
5241
18148
16607
15272
31692
10708
5269
30005
12888
22744
6859
1804
29865
31392
2690
2810
30955
8694
19311
10670
26018
14750
16976
1469
8348
26496
14208
22505
2595
11017
3017
8354
30839
15054
12154
4813
1915
25970
4026
7109
4270
31178
28188
11423
24413
31296
22132
10419
29975
8053
9960
7511
29282
28203
24138
9966
30636
25697
9381
10018
4740
447
16917
12397
2826
12085
30684
19166
9636
18912
28595
30234
11507
21805
13662
3233
22534
6208
28291
27730
24781
10903
17596
2098
24272
13290
13803
18281
14880
25430
16078
21901
19086
25019
5075
18467
30492
17251
23597
15715
27057
15588
8999
22588
11025
8007
29624
15768
15115
24425
21080
30433
30965
11426
2323
24004
28757
23205
31196
30005
24033
8871
27427
21427
170
32708
682
717
2964
10910
25236
30693
19209
30791
7359
2612
21230
8289
28755
2574
18646
11907
1435
23911
7798
8927
7188
17815
20570
1570
24260
12890
31958
29852
21197
17947
26430
25761
5186
28530
15193
11311
21817
15339
9492
2512
21282
18441
4212
13506
13911
28810
9678
14422
4084
10477
22074
7830
27112
6962
3141
11818
7500
29921
21734
16253
25332
1357
5300
27931
21060
4378
7509
9054
16965
32509
14138
21321
16632
16835
29577
19636
5355
9109
23131
937
32009
22138
18728
17679
8886
28189
5503
7813
29212
9937
18427
32145
19647
7634
882
18938
19032
24269
27759
32626
31712
27299
9443
2680
25835
7019
12311
27773
7991
2486
21221
27462
23685
22294
17448
20369
15015
481
16753
30459
7643
9778
23548
15649
1367
20529
4578
6
3621
17300
1935
17333
6193
23654
30071
14631
16801
27911
7685
11366
11364
15733
24532
7667
16910
4041
14370
2917
27107
19973
18818
11092
25905
17676
15056
8309
17892
4338
618
26630
13140
7798
29085
1901
29025
26061
5214
15644
24002
17058
14651
14519
22426
3418
13713
7801
17740
22940
14846
22996
11409
32273
19225
855
4296
18792
12897
24021
2957
2206
31604
11972
21388
17020
20866
30179
9623
19553
20736
18464
17399
7233
8609
20920
0
31726
27778
17312
489
406
676
12324
17114
29069
18336
6862
27973
27981
13462
16265
6010
5052
1895
21766
3190
30381
29220
20063
5884
2472
24262
24570
744
28142
6943
19377
18623
16312
272
14383
6026
18624
28413
6045
12517
15362
9342
24959
19283
24260
22359
9176
28372
17108
5291
12181
32698
30225
17004
25640
27576
19244
21782
24180
11580
8112
3485
3817
6398
17216
21411
31472
10713
25632
32751
11657
16091
9464
11035
6962
32664
16340
21644
32012
23235
23150
30120
26425
21247
28592
21826
7816
3570
29301
12121
29012
22939
3472
1283
6057
7142
9487
10404
24233
24702
31937
23139
9006
30947
10229
2271
24497
25276
9861
2589
20843
26734
21267
24774
30905
12269
1683
24975
30917
11219
5385
19704
6755
8879
1940
12601
30265
16543
14252
10361
2595
26401
12200
18242
15830
12070
29827
20274
6851
20840
7391
31219
15166
26878
22858
28781
13535
17453
20929
16953
552
14210
31858
29017
12137
10013
20934
26151
20193
14928
415
24460
30758
28009
3551
13170
22215
30155
28201
29564
3119
11332
8427
18932
26828
29082
19868
8965
16497
16743
23618
30250
24057
26407
9784
17382
23086
2448
9262
7094
23017
34
15729
15940
30586
9982
7277
12253
23369
9467
11376
20261
18366
22519
9392
17417
7263
23403
17552
23286
5176
23874
9503
8264
17280
13548
17377
20486
6265
28846
10963
28108
25496
19772
22953
6408
10982
19337
21594
29033
19622
22750
31454
8085
13624
15658
3638
22043
11325
17305
1710
24232
31996
20839
8031
1917
32261
24311
15095
1312
15379
1823
1469
7250
19511
8390
30927
10306
2355
5810
8878
20736
16420
29083
22781
1588
4197
18564
14214
4624
687
2891
4222
22659
7045
23422
12810
5808
27855
26480
9474
13982
27333
31628
18676
2865
2062
15850
29036
2137
23849
18464
26738
19337
24333
4955
31317
2155
26892
27310
28327
11730
7677
22441
4745
22256
25754
15662
14377
23753
807
5248
20360
7143
7765
157
31873
16975
8037
11214
19975
14773
17808
9084
31406
492
26279
9797
18028
4000
8951
6223
30113
839
4207
4572
29014
19541
8453
15391
194
3247
18517
28751
15379
20579
9355
19705
7275
28054
11908
13722
19752
8382
13616
28781
8808
14609
10299
22146
22732
26940
30188
18960
637
4185
77
26380
17773
3867
28044
8698
20192
32076
22433
18692
8234
21370
7985
6985
6330
23789
26034
27255
24919
1500
29393
31388
7338
23008
2320
5177
253
18088
28084
31897
16194
30447
10206
18528
23383
22955
15096
15463
22920
10631
24658
12487
25942
2196
1037
10804
21878
1083
2361
7565
12573
5495
6458
4528
6779
28993
624
5011
17029
15691
27159
12433
18936
31984
21867
27393
13211
19051
19984
23821
19396
12360
9650
32194
10525
14105
7401
15459
10920
31594
29023
26115
5889
24567
5940
2386
16612
12316
8609
19640
21742
18060
7900
27296
13480
3142
27452
18455
705
25541
16286
22933
17563
21623
32519
18970
15626
2673
1931
6269
25688
32353
2669
7937
8588
22980
12167
14634
10475
27481
2028
31695
9152
16341
5069
13167
1369
13016
24473
7369
12626
3104
31848
2982
22294
31997
22426
29690
9890
4612
13755
2347
17036
27912
21674
26545
4932
23366
30971
31967
24475
7136
27289
8448
20097
27277
9392
6054
13843
8846
15562
27199
23509
3556
17720
20713
2619
13504
11955
7560
8047
16699
27971
23829
31054
19271
25696
9017
25267
8421
24151
13338
26105
24217
4848
117
10427
27675
334
10221
13534
12624
8470
30114
21202
6008
11988
2822
22804
10921
6042
11500
5368
28540
18410
26338
12453
16646
25045
30913
14945
19210
7781
17026
12559
29804
24121
8787
14837
19945
11631
30954
25539
22790
16071
18458
6865
15174
8708
8100
12969
12704
14742
19535
10437
22576
13175
32059
1178
6701
2387
21362
30933
24091
19435
4032
10724
16962
15803
21189
15800
32094
218
9032
6345
14232
23587
11982
27739
28597
23442
30827
31232
16526
20464
27097
12383
6848
29107
31431
1331
18084
11040
25203
12439
17026
19890
1915
11648
20737
14015
8689
9099
19426
10073
17325
7673
3822
21363
15079
13303
3885
27716
773
1571
29273
10737
14257
13645
14994
6246
15919
13946
23123
11140
6381
10287
17573
24194
6492
3308
19859
25229
25599
3830
28381
8370
31426
12633
17649
4862
16780
4654
22550
14564
12567
8730
1515
10974
11264
29975
7952
4439
10778
4215
3363
713
11784
23078
5358
3363
14603
3375
2270
28269
12568
22401
32695
16558
27950
1268
25479
7438
23526
23431
27865
31288
30796
3307
24106
18946
237
24902
5025
6736
9521
32561
15098
15669
7403
29954
18372
15452
24111
26449
30668
7079
25956
2229
31705
12053
17305
16079
6297
2025
26397
6282
21468
15625
21065
31136
512
4772
13473
8033
18348
17687
6684
25264
25538
31506
9407
23374
21902
8950
1136
18523
13124
16258
8458
25113
17577
26543
10925
30964
13840
32216
1112
1471
30600
25118
15545
3905
7252
9227
2371
2288
20123
30582
30594
3836
11105
28838
18603
9103
6838
19386
11128
20820
30765
17223
18482
22326
8080
14916
21263
16746
12754
15651
6335
5039
9797
7745
14658
26836
31757
12672
1276
11131
8149
27442
12299
19486
22977
26170
20440
6223
22435
5485
22252
5956
10097
9279
774
3986
13815
19099
29034
6713
9673
6162
19835
26337
4732
31288
19852
5475
5141
587
29172
18571
5826
11798
14944
22045
23240
14357
17774
14357
12477
13018
3703
9011
17911
29615
15787
26295
5444
4221
15972
31082
20443
29933
4020
22493
21139
21196
832
6133
31571
29108
24146
21927
29386
8681
4393
23809
15968
22145
30868
13674
11884
10952
23999
29226
31911
22242
10316
27693
12001
22450
30373
18691
4594
19963
4241
29484
24820
22725
26630
26515
27823
28419
7231
31832
22357
31858
13069
1234
14448
17860
31858
30421
15640
22526
21612
30000
6249
1823
14095
25466
22580
16386
23254
26383
29173
12677
17723
31061
7173
4331
3461
28484
18193
32127
16866
6693
19403
18298
8885
26009
8415
7719
10289
5854
11561
26949
1575
4430
2597
20909
8732
17448
19111
15669
12191
9619
6604
16851
26330
24288
17968
21510
2406
3600
3425
13425
10596
16534
15252
24777
26313
2910
29591
3058
5881
25613
13063
24933
2712
8075
26307
6101
26012
14783
9120
5906
15783
19097
22367
13613
29333
19542
1500
20189
30032
5887
26247
16161
28908
13619
30232
31271
2544
30247
20607
20333
10225
24811
26394
5926
32102
27887
26411
20191
16823
9157
25737
26978
20887
4136
7318
21979
10644
7742
25968
569
28396
20762
7532
23767
31395
29061
11968
6492
6866
6654
31615
15584
32322
17407
17867
13648
32313
14978
26694
19
14996
5572
29385
9197
15382
9289
32601
548
4352
25888
21334
17122
6114
30568
8438
24795
27824
8979
31986
6191
11288
24298
23679
15506
275
30673
12160
15018
12475
15693
27386
18616
6236
22339
6088
2683
20941
10499
14736
11346
29185
25988
8693
14752
5593
14577
1038
12916
12604
11109
23575
9322
21610
8436
32615
19148
23437
6890
26786
31229
15506
7767
5168
23064
26422
25547
238
13524
27492
13406
10531
23211
22974
6131
1973
25403
4730
14526
32157
19692
30319
8196
11160
16339
11887
12322
5151
30678
31960
32721
6554
6673
19814
31400
11473
31097
30539
27363
16291
3775
25986
20578
20474
10104
6496
10485
7934
4218
15212
3542
26761
16265
11888
19063
11995
16435
22736
20606
28304
26616
6171
11534
20175
5550
4832
25417
8643
36
23747
20499
18767
22534
8399
31512
21501
16640
17934
30992
26168
26150
16983
17218
17340
11668
3944
10310
3402
20305
30261
14864
1696
21370
9343
23850
30888
15260
16551
23873
1008
23393
28613
10979
30554
9327
501
9863
32533
27021
14577
7374
16331
23815
23781
22536
12828
20052
4990
27386
21068
27383
11588
6367
30776
1699
23851
32428
27535
11938
3684
24984
2110
3192
19577
18140
1836
23491
29081
14519
16168
30565
3889
23734
29216
16869
17596
16178
31379
27923
30939
30746
27976
25835
10408
3315
833
25020
16711
13340
24555
25994
14271
23895
1943
10416
21256
9093
6701
14793
23654
2993
9759
21713
10741
13648
10141
13704
14212
24519
2056
26903
16806
26926
12712
25334
5895
10836
2977
22797
5117
21507
29219
11034
31839
12677
32482
22866
10138
29798
13766
20043
13057
28028
27107
25
11877
22309
28331
11448
30438
5328
26978
13738
13320
3007
22227
24288
11018
30987
6466
29918
23667
26856
8865
7707
8173
13098
3847
23462
12886
8456
17245
32015
27157
8224
25691
2949
1450
9916
14771
28732
18569
11604
20875
23058
23081
24916
30769
9841
7000
29982
22538
20855
26065
12627
21964
12628
27152
11087
31981
244
8037
17650
4188
32223
31304
22950
4974
7517
23788
15517
24347
7389
30231
27739
5994
29079
560
8053
5418
23409
8858
3736
6115
7967
16192
8140
21516
11151
9841
22266
12670
11908
24303
12204
20009
23681
24642
17429
6406
28648
9554
25937
6476
9059
19765
2286
13799
11139
15942
12202
4390
29607
32631
10622
19636
8736
15336
23260
18889
10130
9400
26422
14753
23965
9499
25791
4654
30909
7340
32117
15114
20847
5125
8543
1711
18582
8077
11795
19434
19228
25746
12156
13197
14556
29848
7642
3685
12992
29424
15626
18283
5158
14476
264
17982
7049
27153
7090
21969
1629
13358
6095
25441
9274
8749
9551
10667
9533
17095
31444
7259
10156
3901
28786
10183
18648
18596
14259
6365
15688
16256
21727
16730
13331
14741
15738
11326
2446
27130
16397
30332
3367
12143
6442
8181
24209
3312
22954
26791
9762
4235
569
3618
11385
7278
30741
32060
5475
17988
14098
19462
16896
16578
25826
4095
7713
892
10643
25735
23797
9470
29017
13718
26853
6936
31630
8877
2748
21881
23287
3597
3083
26239
19273
11304
22732
11854
32747
10069
25669
15392
20478
11207
21807
23004
25499
28608
15640
30185
18011
3074
24326
24388
797
14471
18781
2000
11523
16753
18178
16622
31166
18500
27585
9806
20748
9555
16364
11013
30078
32120
20293
31967
10879
24584
7966
12790
31634
262
20415
29827
2267
25495
27912
8437
31969
2230
12888
2624
3986
30249
17837
22648
14984
10676
11788
13726
650
19596
2339
15546
31318
15118
17453
24361
25245
13489
23574
13369
2896
18490
26847
26355
23066
20527
30789
13880
6702
5005
31645
15120
31042
24253
19715
26942
21979
10437
4019
32280
17100
6332
28599
20885
25593
32640
1219
15784
2145
6571
23645
4044
9564
11714
28480
14560
5920
23216
1539
12086
19082
10867
20726
14055
13340
15638
14157
1129
14402
8159
8576
28003
26841
9417
17137
7103
15345
20020
9936
30465
8146
8924
1083
14296
4158
32264
7594
23027
4342
12292
12171
24598
12672
720
12841
7789
32294
30490
29394
32544
578
19818
18489
29991
16313
12189
26137
4448
16326
3732
5147
28127
8441
2093
19450
25477
18047
26994
741
15828
3235
8465
8741
24833
9877
13837
29439
5707
2410
5810
476
29324
2149
21454
15527
2830
1653
7198
20599
27807
24830
3079
2670
2280
30684
9606
16353
3578
30374
1130
440
23594
17199
8897
7960
3615
13651
16784
15168
18217
31728
18887
31409
15316
21298
14707
2962
10430
28692
28982
3410
11173
17699
30196
7055
12996
1157
31440
55
30304
827
18263
20717
12446
24995
19962
31662
1943
7489
1730
1716
23982
28606
25151
1946
31778
7985
26818
5570
19423
9118
22988
15348
4250
17852
24517
11591
23068
6908
11249
16709
8158
710
3745
31562
15063
2310
24486
8493
12690
20967
19211
9506
2691
29406
22020
26335
6299
23787
12321
4094
30234
15388
9415
4003
8613
28754
16609
31070
29080
839
211
19283
20893
16336
6831
24472
32382
20064
14508
3294
13367
31438
14292
14932
592
1880
16124
27336
14953
12519
16889
783
11543
18581
17681
20392
10478
1644
29872
3484
28639
31088
25948
31400
5829
14560
4075
12446
826
15034
24052
20489
31663
29565
23171
15888
32188
9010
23313
31133
20148
29613
13491
19390
31357
19473
20881
22347
13470
32146
15002
19401
20378
11647
26998
16270
15997
8319
30396
29990
21684
19227
30822
4086
14369
19324
9346
31775
14703
12406
3114
3493
1699
12742
693
6865
27636
15768
1327
5587
5853
32589
13831
27052
3952
17274
16648
7755
23533
23860
15242
2038
659
28811
21738
1516
23990
18004
27447
5193
30226
3372
22574
13609
22367
11193
2665
29968
4902
2099
16083
3722
26066
26915
28255
28942
12810
21355
17402
12072
17982
2439
11966
6104
8320
4114
25704
32565
9366
23436
26636
31317
30797
2906
26887
4721
31248
22030
3638
13125
1464
2793
357
22710
31654
19614
20234
16311
15887
26969
28212
7789
6296
29696
1214
10129
17955
697
15304
23831
2280
13996
14439
30221
2247
28938
3228
23493
27612
22862
13443
566
23893
6339
29645
8096
30336
28486
10096
1903
15912
1357
24477
11362
12834
7976
22003
3564
3875
5511
5106
5339
19157
14141
23986
9015
29737
30787
13525
23405
28142
4608
1978
25260
14243
30919
24819
8848
14473
19106
11002
19966
16637
6990
23583
11599
13829
16774
7877
30128
6953
2437
18894
12232
28292
28870
15700
29084
2842
20238
30618
28592
1388
4268
30274
10607
13898
26111
14272
13517
26601
3130
28942
27947
22837
4964
19361
2427
2920
17827
16285
23972
3548
5049
24133
19240
15389
10959
8373
9476
8771
6002
3795
2776
31615
6619
21123
32583
32499
3955
2842
15777
28359
5526
29974
4799
7545
18839
14860
15663
23924
18949
31969
6290
3813
23853
30269
6209
16330
24800
13629
21815
4683
26487
22632
13099
23886
9747
21221
24828
15174
6186
4587
14418
31563
31807
5752
16515
10352
3568
22342
22707
6993
8502
32507
19776
18923
745
23199
23645
18865
17026
3156
28156
14300
18725
22081
754
31746
25055
4560
8021
6378
5932
10009
13353
32671
2492
6302
19516
6339
9334
30520
79
30758
20926
21073
30326
28311
5619
30804
28866
28154
13116
7010
12060
29595
14981
11847
10356
27842
11716
3500
24348
18824
6017
18829
21614
12776
15253
8942
24501
4377
17714
4554
27723
27419
5667
26445
25342
12433
6997
24643
17080
1230
19095
15311
11360
10802
11678
10848
26107
2231
7756
10465
6423
711
6194
7216
20585
3153
17235
16594
30901
14363
7210
17125
26862
12122
23791
4693
13727
18304
3095
18259
21385
10837
21530
11011
19853
17481
2168
14453
4557
27912
31742
10711
6671
32336
3141
26089
29538
19711
1661
25009
26883
14449
18792
19055
22145
17416
18601
3027
25888
28428
21823
1646
14459
16054
20301
2663
20078
11911
9500
27247
5683
31454
17250
15094
715
31178
23237
4511
7328
30237
7835
22770
22120
16578
24820
3154
10572
27728
12250
28718
15434
26334
22487
6779
6872
26138
28600
24417
16074
22933
20881
30260
29045
22369
9473
27303
18453
14046
24247
11836
16236
19921
22837
24063
15020
950
27348
4212
27031
12120
7433
16334
23013
29342
26854
9313
14310
2216
7396
4954
616
14874
20447
13742
13787
27576
1378
11088
12979
31540
26405
28327
25358
24131
14292
3135
25495
14326
25362
703
13226
22600
20158
24347
12473
23028
20853
26890
24814
21129
29272
29627
20753
18623
22031
9923
2477
25868
32014
21339
24430
4211
14102
10696
8910
30109
28671
25370
29424
6186
14774
13081
14284
30281
14210
5757
1933
26758
20107
20829
31543
13284
16284
12778
13965
556
3624
27485
10034
13444
22667
7470
16142
17475
1427
23175
11763
9732
27455
17912
24193
25338
21190
5484
14919
23683
32219
4700
31018
28159
4400
27202
11
24802
2105
25425
4772
26376
5682
18787
23731
3913
6243
10035
5723
26702
32163
8140
18375
17826
18203
31809
28688
23308
1612
16799
4961
8733
31828
25376
29785
15877
15980
25761
31920
20907
950
342
6430
31740
54
10941
3192
28290
28957
29648
32285
21049
15950
15487
18320
28319
21787
12637
17766
18187
8271
29594
12131
8767
16754
32049
15328
12352
28488
5474
4719
16998
7579
26979
20930
18863
21050
7507
11465
3928
19266
26991
25371
23471
23196
6024
6295
32547
6855
29877
20555
29085
24792
2885
3733
31763
4031
14583
26247
8282
12491
30062
30352
13115
30065
23775
6233
23754
1609
21261
18414
29427
17241
21111
1566
25174
22934
15311
14884
6485
20904
14767
22151
10602
31726
3208
17726
4798
24002
21211
24344
28152
1022
8619
29275
26707
24254
306
7339
17908
2664
8659
31790
24186
10730
23888
31726
18390
13891
22589
16255
9053
26437
22452
29153
16667
6553
8011
31655
3435
22019
27459
25689
31941
24039
23298
25368
27094
24845
24515
25216
6614
16545
909
31699
23318
894
7265
11603
29144
24492
16312
20463
18276
32038
2605
4130
3928
21985
3958
28185
22336
22283
1688
2324
13414
10128
1627
14862
1004
14307
26108
16800
28951
32507
5667
3363
13806
2204
1556
22293
18948
14551
26921
9917
29586
26836
28800
29458
28360
16591
19697
27866
8037
29537
3395
13327
134
15873
11423
31878
18107
21194
25924
26067
26720
3967
7037
2663
43
9676
29904
2555
15873
6350
28537
4914
23054
13270
3607
12409
15892
24170
27556
23602
22787
29069
19370
8211
20683
29249
31412
17352
1646
21833
4867
20192
8281
12339
31107
25062
3828
31638
9982
10958
16248
19097
4494
30868
28929
7092
19032
12831
24548
9915
9079
13419
15170
19480
29239
23527
6365
2391
16772
15644
23339
5865
2210
20624
15785
4897
14878
5610
31602
24195
16132
29270
17424
3390
12882
20011
29330
4599
28845
13772
15070
1480
20563
460
16713
12681
5457
19029
20581
15438
30198
10698
8474
9008
17287
4779
26873
24145
2868
15545
8908
22298
17227
27995
17778
5063
22700
8001
23786
15398
12413
19783
14765
23451
29214
25756
10817
1128
11615
8739
29451
14379
12529
24345
30821
14760
9499
4345
20208
11209
16046
156
9771
8675
7739
31909
16709
1339
12163
2844
29232
29641
7471
24153
19191
31804
11458
4388
31057
23358
5835
28186
118
7672
12127
18003
17713
19929
29382
6977
8247
2451
19061
8155
27319
12135
7740
21755
14642
31907
1473
17669
14477
18025
11821
8906
24933
12209
18469
20396
30114
145
4604
3330
31823
701
21031
23742
12201
1866
22001
21837
4469
31159
18544
27838
6551
9261
30135
32551
13025
2310
20045
5188
31273
30093
16094
10338
29598
12804
12337
31867
10844
29420
17242
12707
28221
28544
7729
13218
9202
16771
23554
14051
23379
29243
30342
19853
8180
22718
15122
22511
14329
11628
8207
21537
17707
30397
3754
20712
31819
13117
29900
2011
26278
25812
13133
25284
25065
24907
15461
28745
21047
3084
30307
3020
14969
23849
13985
15503
12021
22944
26807
4124
22051
24798
13807
29668
27579
29569
16633
21030
31251
22370
18912
30226
15784
15571
20029
31535
26362
18725
31147
19450
11934
10862
31354
29648
28558
6280
3752
18445
15299
26461
23820
11382
7942
3682
28373
30420
1027
18786
23859
13794
28575
13949
1876
24425
1675
5488
25746
10666
4377
3095
18155
5116
29007
5168
8625
25270
16187
30305
10370
4687
32645
30333
23163
1476
10315
5379
19881
29754
26664
2535
20160
23013
25494
23701
10512
28712
23671
15668
10932
28926
30702
807
14605
10648
5747
29914
2415
8264
29223
15547
21017
20893
30564
12166
1899
18640
2969
18374
31059
5982
13909
31385
25865
28663
24737
18867
20220
26775
7827
13989
14604
10227
14112
31583
2297
534
24114
11252
13083
18508
21754
9630
32084
20543
25736
28418
28228
30304
26265
28085
15547
8072
20656
5374
21364
32223
30056
29150
15616
7422
28680
14413
3072
31056
28248
13767
5015
9918
19635
19719
1055
19083
14430
24339
16411
27772
19480
17784
32109
25405
23282
16855
1738
24576
23905
1696
12650
23911
13458
15646
23300
30116
14333
11444
1017
25567
16701
26470
22992
13527
10783
8090
17890
27341
28921
2848
21590
6302
30525
30577
1872
14383
3661
29492
27238
16397
18065
12551
31316
15445
13512
1915
13552
28370
8603
12896
25952
14950
22392
14660
138
23979
669
7990
9676
16601
22387
16336
6125
23275
29470
32116
16980
29181
10834
9429
7800
15097
14952
10681
3480
7282
4273
8446
31404
6352
7178
7131
22683
9134
23728
18537
20654
26240
9814
31586
13637
14457
18549
1832
3273
19884
4324
1033
18657
24945
23720
28097
32233
24586
11021
14912
11936
21382
26358
19886
32
6118
23153
28589
27156
6783
142
9694
14117
10399
10610
6054
27061
4467
9383
24370
22736
7976
26038
27576
6495
11089
22264
22784
1951
21129
20137
24612
1234
2905
23102
17812
15669
9308
21496
26716
2609
28064
30394
22186
17621
4432
25624
2954
7300
24464
20656
14837
17899
4521
19133
18698
5686
18534
20201
26011
24196
18878
8035
19691
7064
16818
4402
13494
19921
2681
17353
29810
3420
16347
30427
21461
11944
8667
29296
8855
2842
2712
13625
32121
16899
31605
23840
25734
1487
1400
32292
1689
18815
4336
23396
26143
25177
18523
13945
15134
29149
10886
10505
13943
11260
2038
15513
2664
19845
28551
13475
23636
22240
20051
16105
967
24318
18133
32264
15029
4752
847
8784
8962
13175
1896
1235
17735
11388
17690
30908
27860
3394
30923
18147
1265
632
4282
1950
23402
7763
9117
20185
27722
1340
14985
24169
6886
21190
29201
21149
31773
19170
14002
32022
5599
11094
8303
25049
14316
12651
12728
2723
20958
10214
32144
9341
27242
4410
30959
7055
7139
16892
31589
10553
14847
32663
13057
2144
1246
30529
3953
17414
3400
8494
26730
21534
11831
25603
25419
31902
16277
3213
23549
8917
26182
28083
21789
3327
9577
15529
13149
16407
5339
32103
18471
28652
24829
4954
28548
13687
30648
19033
17725
32620
1726
27610
13632
28943
12050
13414
27460
9033
4554
15690
26032
31739
6676
11920
12217
3986
10359
19757
1739
16604
859
14716
28459
4890
12492
29163
31706
25174
7547
28149
19900
30198
13573
25936
3577
8594
20344
5991
26532
26627
6164
9994
17563
21692
20814
24164
20910
32606
6683
28462
3587
28038
6250
803
27064
18153
11506
12468
14283
4004
5167
10236
30519
23757
6311
11254
14176
14158
14962
11246
7089
8435
28665
4405
17028
28609
25598
5401
4930
29578
21725
13076
14283
6590
30993
2884
17688
900
3321
18715
22303
16905
28124
25176
9206
11544
26156
16950
19004
2028
3847
13539
24245
26690
27395
10035
32052
5042
7723
3734
24766
18238
26437
3400
18156
7468
15959
9927
8849
1297
15465
6282
24989
559
12427
10992
19009
9216
1562
3703
13140
27923
24640
6446
7158
7191
3770
30829
26227
2870
16350
10947
14954
6564
5084
22064
21038
21367
30020
20116
14188
19385
23240
24680
13070
23739
22084
13228
29792
17069
5371
23328
13169
17516
13603
25527
21181
24219
5285
30793
17416
9461
32030
28040
13453
19937
20777
18997
17496
7239
7904
8084
19697
7075
15264
17949
31546
25176
19725
21108
16538
20038
25430
22171
24411
28574
2235
17255
5713
5621
27212
32304
12221
13208
32243
32461
30576
2848
18868
2495
23604
23366
12340
23213
16487
31992
26232
21265
15849
10156
30448
304
24889
20468
30132
4943
8154
21586
18957
2852
3580
27726
12599
17803
5976
3527
24165
10874
16220
15495
23558
6455
11400
30746
4679
25800
792
15327
5849
29868
21219
17759
10740
24008
7299
5342
1180
1956
12726
23600
23587
12759
29956
20430
16111
28096
15522
3625
11901
24695
23703
4414
6822
24835
7197
24171
8737
18126
6730
26753
15434
31830
26095
22554
12321
10788
19649
11821
31894
3586
9654
29919
5636
21097
6834
29340
7419
31289
13667
4967
29250
13484
13161
31854
19484
11661
26043
32226
12491
11685
8006
22277
31315
8055
30423
133
18304
19501
24634
28936
32298
25809
24740
4104
17080
11200
25166
19169
2275
21084
27491
40
8637
24322
15388
13631
27377
12092
6185
18982
844
27191
16212
8084
10364
30583
22881
25415
8728
19913
22840
30360
24033
11897
6982
9042
8520
8390
17184
4804
29744
16787
7273
15125
10484
15199
759
14040
9644
31351
5681
15072
21164
29034
15291
7766
21070
446
13654
10504
26098
23777
19969
7172
9282
29026
25188
10342
25787
14433
18543
18542
1129
30533
23103
11990
26609
18861
10305
16482
24277
1960
5785
19384
19444
23592
27077
29554
14160
8116
1661
32370
11540
19294
26846
629
3542
6133
5832
7403
13337
7547
4485
11783
4886
1753
2731
18962
12988
11730
24643
21764
11509
13110
9258
31829
4139
26456
12984
785
19211
5825
7328
5163
1416
3878
26647
3859
2851
28824
27961
650
10858
7931
20904
18870
11711
26553
26486
32625
20827
12216
29509
15335
23187
15753
7596
20576
13401
29666
5085
30042
13573
4174
7045
7899
29014
16931
7668
27397
16563
11700
28286
24299
22199
12233
20513
26019
5613
30028
32360
17821
32728
15173
15758
50
26167
19209
13799
20352
16774
1709
7804
13942
20680
6593
31477
22315
26244
8763
28861
884
1806
26034
30560
15285
15367
26317
26680
4087
16679
28410
12616
5947
28218
24675
12136
28942
617
25630
29603
1374
13499
18595
30685
30348
11740
9348
1720
31170
20252
4440
23225
2439
27322
4856
14503
9873
20835
32495
2356
6874
22774
30763
13792
29430
16522
21241
19737
8611
5554
30000
12711
418
32512
1707
22855
10693
4039
1533
24214
18250
2341
5473
27185
29287
11329
5104
14107
12582
466
22295
13919
7283
15073
6215
5622
23411
3791
27374
12010
26904
15001
20135
7868
22515
1371
12717
4100
2121
28179
30614
30295
1128
26280
22590
16749
30523
16427
11009
19331
28957
11356
29229
1791
28395
30832
15030
12115
22365
25873
9260
291
25238
16295
9451
15786
8185
8406
24210
32090
3647
29767
5814
5570
31174
11692
10199
5813
5420
20222
32402
8873
29
9225
30489
9821
12393
22315
12001
13247
29018
17241
7834
1036
27972
10082
4196
25913
30045
7800
17984
5778
31695
492
25796
22689
29708
6201
30228
13393
3426
13636
6413
15699
31695
12258
12483
21441
17174
20635
10286
10497
14354
7598
7712
3053
11339
10324
3450
16432
30663
16201
17824
25843
21795
10889
18218
11962
17378
21591
22749
30856
25860
900
26841
28746
1498
2798
3603
25202
19738
4679
15878
26851
15919
23576
2726
269
1746
11525
31894
19801
19166
14418
23962
1479
25184
13734
1871
23509
15854
1039
2586
21924
25915
32327
16478
25686
17384
25654
8690
14778
14492
32183
27602
8491
6742
23199
28692
24501
10242
21500
8734
24442
5707
12954
13079
10836
12209
7884
21147
30652
15067
15720
26547
20971
6958
7700
22020
5694
24478
24256
9030
21727
13252
10356
4344
21410
26417
26956
32338
14381
32515
28609
9852
7516
1462
19241
3837
6116
3388
5505
14966
28214
5967
2667
29584
1958
22534
3955
17459
22220
1702
4502
27897
17194
12475
23557
28898
22032
17256
19494
2377
11965
16124
1756
5654
455
18629
4872
24118
10173
3881
32080
13384
32522
13298
26911
21401
9500
12522
13036
2387
19142
27304
1984
32241
10211
26025
5618
13046
21053
20899
15157
2271
31661
24341
21462
24918
23427
4899
3902
12712
18215
3489
28094
6521
15873
30062
19340
20919
27799
32515
7432
1996
27381
16715
16452
31000
14930
19638
1988
25246
17904
14473
25218
6397
27460
6776
17717
23715
19799
7286
14547
15933
30572
9420
12885
10097
4835
17512
6074
23504
13405
24440
5710
1542
1057
17464
11820
9556
17855
9224
5890
28481
755
8898
25108
31116
24011
28746
32132
16484
19980
8295
31952
23771
19923
13521
19100
32665
14712
3467
10162
973
26295
13170
6983
11882
14098
12567
14464
28047
10609
28106
23860
11334
12044
16119
19956
3698
18314
9142
21320
10499
10346
24221
15420
2668
29603
25048
27163
10071
16775
16764
18811
32663
493
8217
23673
3934
30863
18831
14918
24752
22705
28706
10211
20759
17412
16336
11816
24473
12489
15329
20747
5863
31545
6849
19487
26583
9765
5131
30811
2068
3802
21734
16157
10516
6215
3732
15982
6987
4450
21320
648
12703
23239
13624
30870
31003
4002
23540
32442
6375
13776
1014
13652
28280
14657
7290
30082
14852
13985
30608
4323
28473
22839
16495
16033
32302
20493
11276
22958
10394
7761
6123
21581
14148
19195
2869
1237
9146
13232
19980
12209
2630
1766
2843
29356
30750
10570
12145
30060
27099
2654
31887
827
3628
11367
191
29198
8396
25478
27048
31423
29105
4133
25888
26270
27783
22676
1089
13864
13404
9716
21695
9494
10141
26709
9336
12186
24641
26139
9037
31973
1092
6822
22321
21228
31319
26674
5759
30572
22230
8443
31889
8747
5370
11173
3214
25730
28752
18140
30339
10776
29289
12344
12982
14064
2259
12899
26423
18086
14153
24189
19383
12533
14887
29887
32669
14205
11553
16479
1623
24771
2611
27316
24046
1146
5339
2459
25566
27905
1415
27929
31780
12844
2377
28738
11928
12615
27090
20825
11901
18008
29086
21816
87
10917
24684
14834
12796
7286
1009
15544
22766
13340
18637
14073
19176
2610
22462
5837
17591
4899
4884
13972
29515
21485
2149
22490
4878
21540
10881
17791
6517
28985
26536
24852
7380
30460
28667
8071
28278
8544
16433
14595
6893
27518
17547
4114
17575
20445
10250
5125
3266
24049
9183
8853
32289
18657
25379
11466
11968
21390
20168
8988
2884
15824
21968
27865
215
5890
1468
28358
31026
6594
1864
25865
23803
29938
21333
5190
4178
9730
13351
5641
7591
18546
26320
17508
718
32402
28908
2265
21589
22413
32399
4729
11029
22181
23676
14158
4103
32704
25240
1271
23129
3364
25246
17554
13249
12927
28435
30175
14098
4394
3709
1441
23821
16814
11984
17224
11129
5768
27945
22990
23158
31785
1470
20447
25614
6721
21
21308
12813
6717
27509
21345
24082
14094
16283
12134
14311
31277
13741
31523
1550
18908
11636
8087
13468
11438
29381
23179
26187
26185
30528
24946
7114
20843
21566
11156
25943
6955
10500
10091
21136
17282
10557
24397
5254
1801
28583
20812
1556
5636
26892
32347
3695
15520
27508
29874
4605
24697
19865
22899
25963
30559
4763
13709
30458
23386
32245
2528
8729
8171
9136
28323
24889
19605
18646
16899
20957
8348
10282
10765
16112
17421
28438
28110
9564
2558
1765
27065
26328
10263
32306
9033
7937
1874
9888
16359
20141
4606
15052
25357
20860
