8970
8320
14252
20912
31360
6954
10443
11838
23376
652
3441
1828
13903
20916
19398
25598
1663
8751
14197
10452
17041
26490
12116
19767
1960
32441
15943
2444
24928
26283
17250
28327
21263
13278
25933
7068
1611
5407
21741
1489
17068
31797
9024
1880
4818
16079
11913
10108
15018
17338
27310
20890
25326
4183
2270
28211
7659
19021
17014
4670
10631
379
19238
14531
4738
22065
11856
15013
7420
20383
7088
30912
5688
30349
26434
27699
29599
2125
16480
4351
25352
21998
25643
24274
12342
9139
20269
17437
9122
7363
12861
22380
15995
12066
11938
13047
30700
25568
7547
11892
24477
1937
26206
27440
18812
14077
10559
26206
26301
9240
16275
1455
28703
10036
22710
21027
17778
28789
13706
21790
9814
28037
18274
19390
26693
14218
13854
9324
19924
7509
4503
31409
25397
7644
12861
1355
1025
26347
3326
10881
28212
11286
32362
11955
1658
27122
20757
12597
12713
27013
829
27486
26510
6138
4013
26075
25324
1689
15841
6217
4802
9975
15723
9988
12493
5994
4246
13113
8526
5056
2632
28995
13
24113
25389
31028
32414
13457
10769
1457
30691
9675
5006
5380
23762
23434
27880
8300
24184
11321
13877
23991
31038
2350
10177
16147
17772
7458
9904
9506
12523
12005
27877
30540
1615
7247
26659
5721
25877
378
5234
23871
3880
24622
21957
9272
12202
23453
5337
31256
32498
23633
9056
2014
26577
12386
11103
21129
4634
31724
11733
20269
30305
3520
21661
32069
24322
27738
7061
31563
31334
12052
5376
18822
25217
30617
19753
12068
15775
8091
4426
30088
23649
28361
7595
28133
30978
27899
30478
29964
31711
9392
29515
27010
26935
27067
13624
18390
23599
30777
8139
24881
13081
32710
1155
24623
20725
28401
4355
4077
6200
4845
16385
6500
717
24457
20830
10997
31578
29537
3478
15940
23492
11350
22619
28746
13557
24637
22141
8102
17373
3540
11021
17716
14262
6650
4034
15073
11661
27935
19611
25790
1278
1273
21190
28755
29247
20088
32449
7733
29024
23549
17855
18907
32464
19399
21069
9133
14628
29357
21557
20830
20500
7955
1955
26748
25798
2071
14214
30533
16208
15627
16185
4029
32120
10536
20323
2301
7869
32640
31260
27342
4508
9013
19025
14198
9740
24553
27241
2002
2379
1653
7720
11685
11996
16862
5076
20528
19153
14469
20631
14083
16710
19869
15397
14098
12078
5858
3998
30219
28754
23176
11190
30695
18070
10610
6675
10944
1662
27045
15863
25826
27890
25852
30750
2340
574
12317
16874
17785
11869
32171
957
8130
25207
12734
10918
17638
31656
18832
16705
20005
17155
27513
4056
28841
11991
13085
1998
19294
18736
3556
32318
18180
24481
15274
31199
15491
24641
18360
6187
21886
2036
3571
19904
23338
17900
8276
1542
26465
30831
8344
26130
11250
26330
25145
14026
17468
7398
26780
14922
17659
2858
5516
28807
32353
4321
7143
3890
9321
21230
2711
12512
20840
1053
964
32615
5860
684
29768
23947
4266
28426
24420
21466
11803
8158
4785
17620
9671
5963
22105
11343
18237
23922
28038
28186
7968
25657
31515
30689
8574
22603
7843
14928
20062
865
23942
15739
1176
9151
11395
21630
30442
23809
11610
13408
30535
9751
29897
29246
3186
22671
27834
11429
1484
17682
9915
25663
363
28978
12974
18354
6251
25187
19906
30405
9609
6726
32162
197
23021
10286
27628
8743
5192
29661
5604
1390
11807
9614
9322
2895
13159
20281
41
24083
14417
15122
30226
21566
16743
850
9
26222
29144
22331
1501
15493
29712
4438
10878
5642
20620
768
31082
4557
9965
6436
2153
6346
32075
15946
24954
28752
6603
7633
18701
14179
6772
11384
13426
21342
16190
6692
1170
4061
6764
4317
22749
30169
6940
25881
3715
7701
9757
6973
16359
697
12544
26209
22609
5181
4978
1107
4066
5513
713
6879
25550
859
27612
31310
24261
2792
7960
26925
17842
21446
720
23888
31912
8457
16341
17942
14361
3501
7239
19437
20042
26676
30890
10521
15619
29071
9020
32690
14219
834
30086
20716
20692
24772
28722
31132
5618
14372
18716
22519
11473
5618
8108
32412
19240
20573
19298
6357
6569
11673
30898
25625
22395
18820
2067
25302
20969
32392
25427
11374
1116
21955
15661
32383
29830
16997
28445
29544
7905
11354
26995
521
1880
3626
27047
10954
16963
10781
27372
30174
2457
6818
1287
9929
12897
16881
11618
18719
5738
23792
3676
31375
17980
15699
26852
5665
5966
28424
13382
9404
25210
19666
28740
14059
1709
18484
23913
3040
995
26768
3994
10682
16979
17808
3822
19203
23014
197
31424
17789
28142
654
25346
19998
28949
32316
19411
15961
26003
371
3924
16031
28069
4819
4536
31270
16442
9176
31643
16361
21999
23039
28309
13552
25149
29483
26638
31697
27889
18758
18004
30071
8157
14635
9194
32546
7374
28868
32036
20911
28606
26735
21488
26138
29002
2983
17911
833
11622
21728
18661
22762
8783
24754
260
19464
27585
15418
26128
22586
11883
29374
10823
10901
22432
7823
6079
22947
1359
308
22524
24235
10805
26308
22978
13363
16977
22676
18728
15812
11160
25362
19950
23789
30443
29425
1040
22410
17734
3463
25243
29511
1338
26739
1216
27231
9373
9346
2343
7594
2688
12244
31622
10198
28001
4922
31857
13812
22946
12003
7028
18743
31802
10808
5983
17913
1451
6916
30945
29695
14644
10200
15192
21502
31815
10670
30696
28254
31293
4300
18122
32573
12361
4331
19175
9143
30122
22681
7078
27749
21541
22492
258
31011
17587
23064
13791
535
9335
30514
9374
29167
30194
8182
20975
30057
17018
18870
27110
9241
12264
32052
9042
9831
7826
19651
27978
31959
25465
30120
6920
19597
29379
12486
507
21776
3691
30331
15895
29518
19767
14789
4208
21984
3562
24233
3079
18064
10939
28629
1251
11544
263
22404
30052
12077
8515
8098
19925
4540
15156
32048
25152
16244
6754
10987
27270
6276
18122
22312
18606
28582
7635
10499
2430
22620
30595
8376
21320
10873
11251
22353
14087
24292
3328
24962
6059
10649
10308
22993
7088
29936
25925
22009
23797
8738
21483
19345
19148
13065
16184
10217
29261
16679
22579
7989
8433
26090
3365
30445
5468
30766
24840
20339
12921
17156
22333
12535
26828
6578
18301
24472
18948
27899
11794
15051
31440
17824
19527
11265
30452
18470
11549
26756
23452
9690
25151
2722
11248
7955
3384
17934
17384
31415
2276
15235
28002
5888
18212
12202
19314
30592
14038
10558
4089
29795
17925
14958
12153
28405
21596
31107
1831
12132
10721
27842
10562
20422
17888
28052
17316
22621
6692
18148
21655
28954
1645
4809
8681
19553
10271
7013
9795
12044
21048
17165
26806
14770
16772
14249
29335
22313
24852
30046
22413
29769
13036
23659
1000
25843
12540
24145
17716
6738
14930
1591
16654
3681
24717
24716
20023
2222
10645
1518
25575
8285
6537
19787
4964
8047
6393
26950
16338
11077
2902
29916
2125
22111
10662
13127
6197
32618
30076
1826
20937
8570
22568
25807
1784
31124
16939
17430
13427
9583
24302
21774
29447
8059
12467
31809
4906
15395
10443
23051
5844
3151
4105
24899
32144
18734
21368
16669
5842
11570
2377
9807
20107
24156
16911
6003
10235
19897
31279
28845
23238
12333
16273
17037
17995
29807
24476
6199
12081
23125
12642
26817
31554
3922
20503
14300
24445
29757
22984
10679
13414
28755
1609
3616
25761
30080
10864
9965
10687
6618
31616
11674
2904
27246
9960
23603
21594
23360
4654
32116
29344
30861
22310
18480
29895
15699
20583
2543
6717
13076
18943
25819
10650
16086
10854
9437
308
16238
10161
28675
5613
24830
23816
22053
21584
18877
21594
968
6109
1014
22607
7234
11424
18772
8831
32543
3849
4956
14817
31940
24055
5435
5510
15954
13078
706
22407
25805
21867
18607
13372
9086
31277
6702
22958
22933
2007
30623
27471
28435
3963
4762
26089
30951
28761
13104
32725
26711
22960
628
22893
18850
7892
24123
4547
21988
4481
6687
5012
23609
22127
20938
11895
17957
26662
12401
20570
15156
15380
20894
29487
10205
15837
7987
4835
11180
5362
20652
16272
12961
26725
28580
8179
15827
5372
1434
30752
8024
2436
22262
2164
11625
15719
20295
22732
12482
30081
719
17396
4680
19248
26945
22371
3054
10666
13769
23333
24793
13716
28749
5656
24771
21200
13299
8795
15005
15510
14051
26116
25208
25542
32590
1041
3749
1916
27055
22946
4123
15333
25680
23397
2586
21330
1040
26449
19726
23947
22117
24215
22710
12646
5277
7125
18821
13464
7273
6541
13641
21962
20891
23767
15114
27888
19759
30802
18997
30166
32136
15200
25850
22779
7165
24979
25074
13987
7060
22114
28933
26664
29965
24865
26507
11153
29731
19760
6065
11621
27150
25202
14110
25794
26956
16896
6359
30121
28321
31519
15968
3484
7005
27760
1061
28267
25821
17767
27928
6987
23892
15358
20890
23592
31180
19115
30111
2876
31079
2703
18957
24801
20971
32240
23910
12707
17789
24297
16295
21146
1453
18016
23920
6135
1971
16185
5732
8668
28152
6601
4819
27505
10969
5006
7319
20532
16551
10013
32571
31632
17138
6235
13155
30386
32007
4336
22887
18584
25015
24825
18242
23658
10330
14333
11691
8718
15124
27171
6273
7415
23127
5538
20076
21821
6569
15480
21442
24307
6568
9823
5287
27573
9035
7933
31353
6784
2154
25691
28779
31174
28033
22936
7023
28610
24753
20959
18778
32010
25095
1942
23362
3427
16641
5080
12075
19160
29518
31270
19683
9998
18646
7257
23083
3794
8442
10971
6679
31732
1309
25879
31672
22872
19555
15918
31736
27978
11448
14828
24260
15890
23829
5626
881
9416
11518
4949
22616
618
13648
29694
12740
19244
1593
244
2063
23567
30344
11359
24839
20149
30759
9230
26774
16244
5605
26659
31907
14761
32377
14861
12339
15951
16580
30647
2516
6352
7511
14079
315
30234
4405
13674
44
29174
32218
28694
27290
3733
4732
30704
29200
19052
23184
22054
14415
18499
5520
5344
1337
15752
15356
16427
5101
6888
21919
29493
15156
8993
1299
17856
29980
25617
27783
11729
2530
17939
20416
10664
25109
9612
5982
17909
17401
10945
6497
21577
42
21484
19179
26059
20865
25998
16199
24108
29755
13574
6187
13021
14424
355
19258
10879
4930
20087
24781
12443
29871
30252
4083
4499
25288
25628
23479
13016
8587
12123
5537
7006
26990
1687
27007
24653
28997
8804
22116
18938
20325
12753
14578
17685
30218
30015
19157
29732
20214
31603
15248
29999
14939
13545
18044
12221
29947
20843
27149
16128
10638
7139
9304
19533
12644
18542
22738
28111
18507
26801
17243
23931
14259
31344
7291
7238
15632
17500
21227
21910
12160
29997
32343
5879
10414
14577
28514
12304
13558
14500
235
20181
20170
14336
3726
11262
10580
17814
13422
23479
3676
12574
15410
5785
21357
15372
23374
3801
10803
14436
9860
9663
20520
2510
24234
5466
24944
15597
31405
25203
21248
10477
4822
10943
22534
20315
4428
9048
13957
28218
19419
23406
20288
30803
27379
5946
23770
26572
16884
22324
11835
7932
31912
24454
24630
19326
17937
21440
23144
32644
19558
15053
4963
30062
18008
32550
24588
12700
23961
16197
21057
30336
8863
605
27327
16119
28070
9544
8771
13017
20724
5057
3568
18894
96
8659
8945
4196
21013
6545
23903
17247
15508
20744
20069
13649
30200
23666
21922
12906
6270
12461
2510
22160
28740
18923
5281
2482
22097
10922
1520
5722
15574
18151
25114
3714
20659
12174
28578
29353
21565
4662
2077
20262
5951
24843
28751
17339
12351
14091
31633
10605
23298
19574
32373
19091
8274
3967
21677
24878
11006
13640
32297
20344
28195
22285
6016
18112
170
28576
12689
20596
21010
19733
19562
28032
7279
19134
31081
16342
14259
26458
26784
29262
12845
2953
25982
21169
21071
5251
1708
21008
26036
30474
5430
24411
354
3741
28395
20527
5964
27887
26630
19438
1307
15767
28686
27925
45
4617
32250
3274
734
10693
1945
27829
7943
2766
2097
13073
22981
32350
23143
27907
29820
17880
26974
2858
18203
7166
32035
3191
4001
22116
9801
19263
23264
15140
3280
8334
27264
24276
9804
20927
15432
7861
5954
31817
5785
2861
17366
29660
15931
22136
21411
18093
14685
7066
11499
23566
17366
4504
10992
24897
22705
32487
5025
30862
29929
293
4217
24211
30577
32007
11941
31196
17015
19091
10853
2227
490
29071
2484
24889
15162
2617
18987
30646
2655
5688
9763
7982
12316
26067
13594
14389
21893
23905
27480
16899
10431
12032
15569
459
14087
23690
26446
13385
10229
5573
10184
32155
15874
18138
24340
2897
16457
27401
27078
7367
12682
30618
12111
26035
30836
29463
11368
32506
23844
3256
31924
22984
32745
18463
10144
26847
11594
4421
13455
29743
13130
19637
18996
19111
7146
14328
23870
17996
28912
11856
12859
22152
27879
9641
14006
1220
15719
30668
30115
10041
14998
19414
11006
13826
14319
13288
15022
30326
21058
21281
3759
28854
24316
8137
8304
25474
24745
5583
12666
10833
9399
28022
30547
18848
28285
10827
16034
5514
21372
5722
18835
9881
11492
32161
28029
4316
16986
15813
13251
4409
4600
32260
504
9477
22933
9067
3398
16338
17735
21833
7440
5000
26407
9699
24790
7864
23636
13161
23897
29996
17211
21801
13568
30403
26389
10499
20347
26748
17584
5405
9382
9168
19571
4568
11952
20549
1437
20482
18300
23360
30413
3917
30023
8730
30663
14591
27276
631
20597
4844
15652
17619
18732
7841
6322
5470
4145
30947
28734
32522
6268
19800
29472
7394
21947
12931
18720
30109
31130
502
23003
13683
5698
194
9065
14895
18975
27699
25660
9606
22759
16058
7243
27047
21976
16683
10608
1043
17217
15400
783
23215
19267
24029
22777
28439
30169
10223
6544
23606
22
31150
9003
21012
14510
2706
9404
1006
1464
26853
29104
15500
30642
20669
19734
3279
3526
28461
28676
18570
3915
26044
20278
17810
7823
8726
25593
4377
26836
24066
31815
3895
6040
23444
22068
14538
26394
12708
2697
27520
1561
15487
2734
50
8927
1755
13773
7028
18814
16145
18740
27754
30554
3206
12283
19933
2023
22890
30183
32141
24244
25766
24975
24009
29353
12303
31165
30014
7821
7904
31255
8461
23242
22631
31487
11552
17525
17150
20663
18109
5513
11069
26057
32091
29299
27502
5286
17845
12500
10049
17549
13086
31618
28610
19886
23316
30672
25479
26768
5911
20495
7982
11440
6332
18260
4615
25195
1021
14972
2829
11293
979
12910
4635
19083
3335
27552
24924
126
17220
30429
4868
22961
13426
22341
22333
22765
24127
16789
18020
20851
12798
24744
9078
28570
2741
17214
8901
13497
18801
22269
2288
27207
3037
5301
13841
20545
12563
16872
28984
2764
8370
27530
2073
4892
2097
32261
5889
12180
627
7808
3343
14127
23963
10593
16544
9246
29473
31248
10251
14771
17958
24574
2703
16765
23556
25831
15753
9141
810
18516
16874
24280
31783
21603
21993
8854
14596
28618
20213
4587
9943
4378
20462
28812
13717
30529
12180
16260
4648
19283
9024
3359
18113
3978
466
31751
13680
32651
13034
17837
8434
17898
7771
15338
14282
10993
12252
3559
21907
8349
17153
21562
28308
20458
2922
10321
22933
2896
19771
19220
27633
19086
31179
7878
7149
5030
1185
30764
7496
29993
1180
2802
11283
30132
30065
30026
31171
7355
11611
11990
28805
30853
23309
24264
16593
17784
8172
23880
27970
6807
6779
25622
18597
16201
29974
12912
6736
3676
19684
10294
23733
2633
1287
7244
18998
1722
23061
29248
11323
2889
18892
13100
8322
21387
8961
11742
18615
4173
20954
25143
6213
19997
15421
15313
13419
9485
17032
24548
6802
5555
14467
4715
222
14196
27283
30338
9475
7171
816
11795
32090
3108
25752
7345
52
438
19141
20932
30062
752
18845
24039
1605
17131
31594
6030
32620
11104
29577
4844
31068
13236
18790
20756
23276
10545
20392
27230
27169
19607
19368
14348
24391
26835
16680
16685
11840
18190
9794
28354
31261
9193
5022
19232
26347
2567
17640
20629
15823
13773
32129
2894
5974
26213
9589
4728
6
16393
12974
7334
19257
9086
12903
13171
2091
7902
1763
19048
19793
23451
11614
15648
19948
11713
8260
30889
28127
10363
10657
21550
18365
23513
14808
23763
22823
8144
5785
6369
18773
4227
30221
1571
32242
8128
23123
22416
29229
24526
16688
13865
1037
27494
31746
2341
11268
3839
17398
2380
21192
5967
24187
9121
14686
26894
26103
28483
10103
17917
2744
14997
21504
25383
24621
29597
15349
13414
2646
28586
23414
4394
24441
22074
32028
5750
21015
13082
5005
27179
14110
29647
20814
17289
15456
21557
29401
23795
9028
32358
28400
13042
5051
25053
304
13437
7030
1500
17129
18552
11607
23306
17965
19578
13605
20577
26407
28883
4995
12103
18350
5582
5667
763
10522
3635
16439
3891
6231
27408
30504
6660
8248
13497
26507
3329
30221
13582
13905
12711
21623
14076
21053
3321
30843
24391
31132
7783
29910
646
18480
1524
20368
7279
24941
21912
7636
19540
2792
4579
4607
31470
19212
9700
12279
3418
24590
20041
7102
18785
8996
16327
13895
20220
11250
3261
31880
19223
18501
3604
23760
18326
7172
21353
30299
15510
32100
24174
30500
18165
24922
11661
3066
10260
27734
22991
5846
29403
31534
19453
8044
2558
14424
19717
12800
21375
4445
30110
8315
17781
8330
16687
22974
12299
24297
18413
19254
26827
12912
25668
176
15133
11383
18297
30319
16906
3184
16781
20860
3910
23250
16484
29246
17262
12374
18983
5450
31630
32102
30438
30332
14310
26066
11650
10823
8174
1222
10186
8521
18327
11513
484
2595
22996
31014
22767
1415
19545
16576
15590
24723
162
17634
31175
18781
30264
10629
31733
12751
29232
3829
21467
21685
16372
24454
7379
4372
28486
9602
19270
4029
13185
32103
9748
26403
18466
30799
28470
12650
32392
688
32674
18624
22776
9029
23150
7664
22244
9804
31545
23860
22125
2290
25543
21835
12070
14604
11499
21708
27163
32007
7850
29114
15122
6178
5021
28504
7952
32474
11159
13887
17439
12198
4488
4781
7759
997
22689
11552
19963
3349
13497
28964
15181
21061
4592
22121
2820
461
20370
16408
20597
27452
8766
26215
8400
21906
24903
32364
27557
1456
17242
5166
15527
2316
20065
19202
19119
6313
32424
30741
30724
10311
26942
19269
10201
30167
23967
31285
3351
11569
19087
8608
22109
29705
27209
20717
23365
29215
31193
29700
12010
10679
32711
3937
15271
13385
26101
614
19489
14201
27338
17398
9607
9801
11664
19775
5912
8846
23067
9943
8934
4769
14252
19467
9178
16214
7957
22644
5369
3634
7197
13259
24037
11224
15909
12285
18599
15045
23564
19842
1195
23101
20305
6635
23308
6533
27255
23739
30739
11091
11950
1656
28154
28035
1199
5634
21749
6411
31976
26659
11379
11825
23257
9574
24992
28924
28606
16941
7983
2536
2158
17662
19032
7901
29315
18206
20764
30818
23739
25441
11728
1807
5790
1856
17369
23872
29537
23084
31157
28945
21515
12066
13371
14982
7382
13440
5923
521
6616
22039
11976
29466
5858
1409
26413
18242
11945
23732
29758
7496
5411
20184
3929
20648
24884
23382
11789
25921
6538
30514
5666
23374
2246
8346
29401
32663
7388
20671
20340
3049
21948
16355
6905
11203
1842
12211
6452
14674
29194
12248
25851
18079
30841
4297
26550
18184
29112
30947
27166
27885
24818
20411
8772
4011
4960
29619
25301
11726
27059
28107
20381
24450
20658
6074
15179
19787
11556
26686
4724
32502
16112
22960
30682
5840
16259
7899
30189
19733
16242
6670
27026
16299
1888
19056
2596
27152
35
9108
12984
22930
26146
845
20646
29118
19457
14788
6981
21786
12417
22471
30965
17943
11169
14180
13667
5185
30474
29367
27912
27065
21929
15616
20979
3301
7838
20984
11721
27238
28501
28518
17674
31562
18674
3309
32661
23427
7411
17960
31343
9368
3344
11001
26304
24731
25190
27165
23070
10587
32725
2564
29710
18394
21415
9184
31944
26626
3186
21757
24891
13459
5439
23120
12369
28512
7403
2642
32116
22971
11470
8463
19537
302
4763
4729
27100
17516
8583
22275
22164
9350
3758
26219
9736
13922
27826
21719
30618
18538
2725
17956
27779
4225
14889
11131
16151
30267
16597
32549
24394
19789
30939
29344
14452
5186
25832
17138
1105
2928
15180
10045
20300
14379
11355
3476
4605
10296
26643
6669
1008
2436
9983
7191
2984
27158
14938
28174
28643
13379
26488
29453
11808
15137
4706
9988
6751
27454
31681
29962
11304
29585
5629
18420
7374
31408
13733
2342
15093
13380
8466
425
5970
27322
17223
20862
28338
20796
1564
28978
30014
12768
6044
29107
26365
19487
7851
28258
410
30600
8940
25961
19304
24245
11233
27215
19363
26239
23380
26314
6137
5486
1782
24020
23368
3955
5447
25856
14762
31194
8629
18447
13743
23418
11272
2750
31465
19759
22269
15587
12718
3722
31281
21688
16409
21190
2881
887
7250
23038
8752
14375
5135
10910
7433
17589
11611
32536
9925
22854
1175
15320
9582
18892
19390
377
21381
20951
20205
12089
2210
19119
8738
27050
30042
1951
23619
31147
22117
19603
867
6039
25344
4838
3650
30396
31377
4213
7954
9487
21898
13560
23425
4893
15759
4498
1523
22597
4315
24230
15375
1829
5344
5101
32382
9810
23597
18117
26095
8524
17301
17100
10591
17841
19086
4270
22935
8368
19159
24379
30198
20673
21342
701
15984
8083
10848
32392
26327
30790
15058
19666
3929
3547
28928
22725
9803
17897
19060
24275
5925
15249
7449
10058
27341
28339
22944
20264
15640
29538
19747
4912
11150
13718
9736
20797
8557
9505
16425
13271
9457
24037
31793
15364
2515
8259
9801
7520
11535
11735
12277
8304
7659
24162
16696
32564
22581
263
25855
28667
29644
23995
21693
21115
28002
27383
10066
13089
27775
2991
26417
6310
10953
27016
21442
20451
24708
16198
20997
10726
23125
10115
20601
24645
7243
17319
8764
5042
13855
20244
5491
6352
11451
29345
18668
1862
7418
27722
1282
16145
31663
24358
7105
22558
5864
24473
5195
12312
15476
4042
9594
2687
10658
24663
17351
30458
10316
18760
18027
29166
32020
3906
26564
29519
2798
26877
9465
24502
20447
6392
16609
4020
7940
20332
28193
24935
15317
26750
25749
2122
15019
23224
26098
3921
19072
27066
30121
16694
19446
28973
18446
27405
22939
23545
11449
11551
9580
7096
30764
19957
20376
13418
12471
17331
6790
12394
665
26536
8216
4257
16232
2082
27698
3321
27827
19591
8310
14612
9701
8097
1362
24895
21868
5178
11325
13217
2331
30697
1853
2488
26061
2091
6573
26119
32332
32181
9789
31240
4465
25097
32314
18536
29580
25416
22032
14195
9989
6727
17165
10190
26692
30436
18023
25444
12495
18075
2433
30882
30130
2388
12138
21991
9508
2175
24486
14646
10087
25699
28210
18479
26352
2995
17602
25661
9160
20835
29005
3856
5682
5305
32203
29518
9358
12199
30014
25989
12413
8024
14831
29029
16198
6921
4346
18220
377
3354
1804
7521
32210
8805
4716
23237
25439
25550
5688
7303
18149
3611
10994
27831
20353
7175
20539
15613
5771
13969
27613
31115
16063
32666
14863
18512
1695
27311
4853
18542
23059
6180
10599
26095
10067
26210
9971
5555
31494
11649
18725
3501
10156
22810
25605
19792
31801
21590
28130
2627
19970
31819
30798
21852
23005
3209
14954
3020
16516
14831
4196
26775
8763
28612
5181
19016
7603
25347
13264
226
13869
28661
26640
14361
25826
30213
29073
20930
22947
9681
15946
17545
11965
30077
23705
21218
5151
12108
8071
11842
13759
20081
22606
23182
24889
7714
18712
26068
11961
20207
13578
18489
12572
30290
12673
50
29010
11399
7323
16119
14599
15517
23802
14645
28802
6862
20164
28675
5069
5388
494
1560
790
29148
11707
30011
12885
29031
32127
14330
31791
25806
6825
15263
7194
20415
6144
11872
5059
18502
8749
32214
32685
2277
6522
6577
7962
26854
30937
20137
4910
12016
11816
19896
6482
29145
18355
13190
17623
31675
6907
9253
31707
25418
18614
20222
15217
20324
16918
28427
26364
6378
13134
6983
9948
16079
30547
31587
6733
24686
30943
13499
24715
12833
9404
9096
15675
8207
20799
13399
23558
4933
16147
29114
30599
3337
5943
6717
26471
3178
2634
21147
22982
29212
29959
18482
15325
22147
11788
22453
5602
1550
24799
3105
24108
6086
6706
2546
1944
21031
26982
14998
20267
21038
15183
19490
3321
10419
21047
22852
3141
25081
32549
19832
12009
11140
95
22911
24569
3114
10541
3086
6563
25197
14048
25283
601
7432
30483
26460
25907
25032
9009
11563
2446
5789
5431
17093
11770
241
14779
27643
10835
28472
25390
14347
32045
8393
25182
18455
18549
24556
2110
22997
342
564
29930
27273
22362
17167
22502
1584
5842
11419
1446
5886
2679
699
1620
18699
8273
25707
461
22090
21976
5968
11501
20154
12122
12691
7180
12512
16028
5616
7880
26228
31940
30218
2309
31067
31606
20226
3379
5333
12606
5191
3024
9976
25902
31920
31789
13917
32200
9672
21108
16409
14110
361
1770
12782
1079
16780
8818
21699
8117
13919
29779
15186
4021
21144
21818
2337
8439
18953
7043
9651
7487
32373
9396
12287
16634
11939
6218
17953
13349
7088
18361
30032
2667
6313
20398
26128
3725
14426
24215
6312
23815
3424
17509
17879
4593
12422
12176
14275
3619
334
15196
12082
6044
21709
13148
10492
22821
1724
12340
6081
1329
8397
29090
26071
8200
3131
6592
21382
13604
421
11651
1400
31707
11036
32392
22379
12095
11387
25104
18217
7491
1526
22857
3002
12575
1270
3791
11480
31989
14117
19826
11939
1716
5060
21562
9622
23613
20293
11176
18106
12996
3350
24639
18457
5497
25531
17987
9590
26472
26399
10945
7483
15518
11564
5583
31155
20110
153
533
31353
4019
13827
11660
29233
8822
22336
26502
27765
14161
6384
32751
28690
5685
20052
15314
12661
22313
20324
29470
18784
3637
1307
15275
17378
28286
4118
17784
7045
10418
15709
19511
29897
2214
15745
16907
11729
5694
20967
6032
5725
15758
25699
17692
25592
16958
15624
31044
13939
563
19007
4258
16529
19307
12055
15062
26884
18729
3036
28875
30616
19539
13547
8252
8879
29464
19396
12406
4333
29653
28257
17503
9012
3898
28871
23991
6867
28073
21722
17822
28666
27614
29813
24150
27762
6869
4538
16971
24202
30440
16807
21584
30805
6713
25834
9516
12050
28239
8951
21077
12012
8452
6999
16891
14052
24734
16707
24648
28939
9020
5489
16871
6900
32116
12846
20419
4713
19514
23981
24593
6749
13827
5791
24720
27682
18219
20227
30223
26844
11668
18752
13617
32566
22417
19313
22637
6483
31234
7424
5976
9992
16832
630
807
6216
13371
11153
3183
23519
865
18328
5680
13923
22722
13291
14866
1384
23538
30942
8686
17140
30767
2247
6800
23859
9540
30038
17340
13931
14253
3877
366
24881
31740
9104
4710
27870
8572
19655
28644
22077
14355
2081
23217
28806
17773
1716
14686
23184
13654
27682
11216
21570
10600
28597
30717
2123
27623
5039
13296
7698
2537
26331
20755
10224
22714
1128
27821
16798
27262
17911
2474
29417
13848
23539
6043
10925
30283
16417
27389
26112
1055
13944
2750
22446
12423
20530
30461
9190
24896
9507
19730
1074
29948
14154
27854
26540
12992
13478
771
25456
18571
2890
7495
1869
7480
948
10998
27328
31141
21851
3958
1570
19733
27015
10687
11296
4307
16485
29978
14188
3865
11355
10024
16562
4399
22425
28455
28878
14551
18417
14961
17212
2281
21736
8773
19663
24891
17421
26314
23206
29123
32649
6993
32093
26880
6904
26587
21632
24981
6775
987
11845
21304
12286
20029
20346
2762
25329
9894
30652
28103
22001
27646
30186
3297
7928
17452
24793
18920
26021
4384
18505
5357
15316
14103
29208
1191
25714
6170
30646
19990
31888
26824
22489
24421
15029
16982
20594
8725
14457
5588
5343
10328
31311
25778
13410
18875
10659
25218
17618
29448
13605
25599
9616
11627
19300
16207
28349
8403
25502
389
24746
5531
18646
7530
26512
14698
23336
30589
1922
11096
31578
29496
17567
4946
21683
26005
23436
18623
30992
4305
24098
19555
820
3440
2147
6532
13152
17537
25011
4684
14883
24355
32325
2927
9588
20296
29907
15118
9214
21945
23698
3802
4795
10587
26469
11644
2244
9136
27728
10037
21864
5792
30256
6593
9339
12154
10922
19330
15600
2870
7522
474
3499
24573
25453
5849
31888
24555
31496
4632
11232
14611
23434
18660
10693
22211
16791
18847
15915
18442
2967
5732
19154
28536
14950
29418
29089
24613
27213
18859
30014
3060
22578
27717
2011
10009
18187
13088
31827
25817
22937
16465
3445
29073
13394
27070
12191
19962
31647
3715
8336
28587
583
23445
10615
19168
15403
17317
18255
10617
18741
11848
11631
29510
11403
8788
22109
19329
1032
28557
5860
10140
21484
7041
26470
17214
15058
5552
22387
5512
8675
30448
24473
11164
15690
20496
1406
3168
28903
19388
1581
2431
27976
10144
31406
8625
6357
18641
10969
22589
6474
28520
619
9660
4459
19824
23642
26143
26355
1282
6246
26611
9421
20910
12017
228
19846
24861
14096
19328
12803
7925
4834
29246
8303
30717
13857
11199
32632
22658
15094
19539
10683
27129
14610
4287
7548
21477
4858
1598
21659
1019
11682
13253
22723
16772
17982
26763
26597
4100
23125
21449
15589
9497
22039
18878
20627
30117
31984
23031
9948
7727
16477
6861
31810
10887
30975
20015
26505
169
13806
17314
17331
29412
5711
7045
30255
15676
24873
20378
25934
29196
20340
9410
13046
6640
15475
27144
3994
2785
12356
10465
14697
15010
30902
10930
31686
4188
17498
30611
17145
31109
29661
12883
6180
17925
5524
30140
6520
3996
16217
5912
17064
12414
14998
29172
6558
3393
13983
8483
4974
13817
30021
18694
17800
8866
9640
22283
14129
3774
24908
23156
26420
14398
32623
23130
22996
1446
12954
19697
17158
22381
9335
5133
8413
2210
994
8933
23110
25302
14658
12567
13813
2357
13594
7917
15775
7926
3291
28383
24938
11510
23037
30809
28578
2719
3917
14270
13485
19983
14473
24492
22337
1910
22570
3970
17620
19392
22401
21279
16980
21109
15621
20461
29977
10973
7404
17183
30744
19559
30712
13622
20825
1611
31892
1738
23467
4719
24095
14983
30870
20360
13960
8310
7825
26241
9755
18045
6005
24352
9626
21034
818
26599
16016
10156
29376
21816
7650
546
12121
7101
13479
24857
486
18951
23353
28495
3767
17781
10892
18109
6518
20056
32703
13781
17758
3924
24049
27145
9640
15370
8790
9100
12870
755
16010
22108
29908
22159
27941
23680
460
20928
5263
7566
4601
15216
19478
20337
20526
28026
14141
13417
12087
8904
11095
31315
23568
28857
21333
7979
8277
28613
17885
32463
18682
22371
16796
28166
25916
4394
988
1728
29143
1847
27993
2464
17530
12752
26960
30903
19320
10310
19162
20371
30144
14624
5240
31864
22287
19829
24047
32493
23652
7066
19542
20346
9397
27902
20589
29873
20960
31569
7984
26987
26084
10476
6316
14420
81
6253
4370
28842
4093
26529
12298
22593
19705
4520
23113
32459
3779
15443
22886
5718
21181
29905
13801
13590
1758
8075
30630
25701
27816
8012
16457
8456
10330
30629
29745
12468
20582
28304
25986
28880
4389
29011
13685
637
14538
16551
24563
30676
16277
10266
9571
26222
8265
17586
18112
810
5343
7891
18414
11050
2940
7010
11342
32287
26529
2091
24976
28103
25505
18304
19656
26292
9817
24355
11716
30286
24859
28263
19613
4635
2539
20369
9613
25662
1518
26756
1792
16702
22559
28318
21998
11017
10308
8669
27751
1337
13857
17222
18032
24213
3307
19079
28941
29659
2815
7899
28575
20413
4564
22318
2928
11305
29230
17794
16781
30925
26773
20881
17108
10971
15878
26291
14925
14857
24808
30979
19902
28381
2625
26045
3193
26151
17194
13035
16505
28111
24193
29249
21933
7888
15069
19269
19348
22661
24775
28851
25866
292
20775
1311
2658
12168
6140
13020
4532
8755
30544
31517
24952
10131
15980
90
8532
23428
8520
20469
27955
24087
9285
28446
16023
26513
28702
12020
48
23991
8732
3052
32685
20041
27786
7287
12754
29389
7017
21215
31947
8589
20837
5746
31936
20451
4359
30691
30377
2484
26155
1261
28004
571
17333
32569
3332
8712
27008
31362
24685
13896
26263
9719
1310
9542
2984
17633
20813
19506
25013
6789
8249
27170
30989
19788
14524
15446
9339
1313
543
12224
29885
18715
31539
19395
2103
24668
10141
14908
745
14905
26482
4287
17055
8603
27908
16163
9063
16292
17659
18240
26696
12694
9383
8695
7217
13809
29332
30067
32560
13532
15711
175
21476
10182
5321
24632
8501
9293
30986
4149
15426
3679
21608
20388
11931
13727
13063
18662
19633
25098
11523
9086
4235
5082
14012
25366
3258
31402
19313
14274
2958
26588
9745
9097
11914
16440
31821
6434
8726
12501
28658
30715
14708
11069
10870
2432
1781
27852
22224
25497
17517
5465
28045
21620
8164
4377
1825
15238
16526
22975
10363
29644
6142
21224
15836
13143
21398
17847
14312
1031
578
16316
32510
14743
16998
22811
12485
2265
3092
9706
23559
9283
27523
22234
11971
427
16316
19738
19069
11599
20887
9592
13017
19992
22246
32458
2664
16160
13808
32652
4546
25201
7457
24266
7381
4368
17151
29761
29308
19514
25184
5057
19028
5101
18138
14293
23755
1706
32124
16294
14713
11898
32187
17437
22452
7983
24239
18504
5470
18924
27776
18687
6146
10727
12827
28615
17439
11886
19241
27894
16068
1576
4673
15640
11613
12190
32604
23954
10189
29433
19082
13445
4285
10509
9956
12277
18483
29591
10690
24619
27750
19139
12846
4439
7377
1010
25752
10362
29574
13753
3787
18307
10437
7469
2079
31928
5325
26718
25072
344
1010
2593
31824
19327
4336
31507
21241
30537
31103
3034
5765
19258
8487
11438
26082
23518
13910
19993
15360
4780
11696
16122
26060
7216
1958
11216
5218
362
5194
9013
24446
28785
10593
17321
19508
30811
32442
30353
11234
15457
9407
23679
26466
25151
18762
20148
2692
16346
16058
6628
9147
3109
31045
22073
19478
5957
30352
154
27506
19956
17276
14636
3311
3107
5187
19225
22432
739
8901
24977
32647
13701
18204
3599
17088
20992
32374
990
18172
26772
21540
11483
27441
18093
24814
31612
24976
30986
21674
7697
9656
14622
15885
30538
9001
18871
1216
32762
8187
1757
18870
30234
16336
11517
8638
32017
13063
6983
24148
4915
26162
5460
22717
135
17866
18444
29523
8909
27170
5575
17693
15039
16282
28082
9122
7832
32533
12917
32511
30163
2733
29714
17464
25141
677
272
14796
14861
9886
4826
2700
14267
22286
6498
29356
17007
19183
27145
17179
13363
19892
21955
12048
16684
6529
27254
6118
25628
8603
25508
19241
29740
24862
3658
26353
18409
494
9224
22638
2444
28655
24961
10437
8318
11385
23557
3098
21531
30214
23150
26350
2999
6190
13639
15788
20446
30678
564
17022
28896
12196
3725
30053
30349
20662
27981
2697
15678
7059
7211
2766
25621
17761
1030
25255
28805
7513
22662
21295
19220
9849
6913
31094
31071
31096
17563
24600
14687
767
23474
20245
25068
29206
30841
19932
11391
27357
31970
2985
19516
20860
962
8721
30256
16732
19248
26076
16087
1176
7725
14866
28897
8110
395
6488
16693
17787
10247
18813
1079
18278
29113
27985
18502
21979
31406
26806
31113
9467
31955
19193
29420
18833
2324
13154
8293
25160
23494
25609
5756
24860
20546
30444
17162
2319
14291
26943
6977
29725
6099
28931
27372
13681
4880
20698
10488
27609
629
7706
30004
22648
230
11552
9045
19899
28267
6119
30525
2702
11921
4825
30333
21967
9741
996
29464
28162
15267
4049
13194
8519
24646
4561
23560
8586
25217
12633
32010
26874
4373
2608
27399
17084
28900
6855
17279
19424
2573
27848
17215
148
4185
11249
20961
10647
27350
7971
26258
15857
24257
14262
10776
3298
25001
11024
31251
17432
22226
19062
12674
9764
15320
3361
23178
1327
2196
149
11635
21993
17987
4910
244
28355
8677
27900
4016
18270
32228
19153
14080
19523
18166
3991
4851
6868
4164
32743
7059
14723
15052
23512
10090
8257
11268
19221
30533
9529
22464
20275
12088
8639
8533
12353
24802
25475
22527
6048
2802
15883
21120
19733
12778
20576
28170
18972
30244
21255
29791
6015
19218
562
11575
10536
13257
30776
7906
11315
10433
3139
16942
31560
2774
2376
11659
11560
18323
20797
31597
29061
4784
16518
28658
12311
22745
26032
8645
7660
20402
24929
10818
15616
18199
655
8411
31245
8104
29425
26042
23716
2693
1971
32679
32125
30294
2670
4397
14092
19855
3671
10488
17492
27122
9655
29058
16896
24917
2971
1007
17840
4005
5580
25141
32657
555
769
23679
6704
10254
31060
26068
19600
27673
18675
7155
21114
7103
18200
1666
16148
16220
21819
20840
23989
18366
26758
1656
5368
13540
9609
2639
15
6661
25647
24703
12890
8917
12272
31469
22840
32259
6217
6263
12318
20742
25961
30426
31462
6425
1326
23507
31337
7556
17487
14725
3919
22302
10203
29211
32550
28944
31458
32430
4018
18139
25713
32105
27780
925
6596
27371
2766
18064
184
2796
32630
28883
22143
17444
31593
109
11927
29544
25138
7311
24061
31255
11979
14105
9886
2996
6835
26464
14094
32468
15168
25134
21116
9531
2359
13067
13542
28482
1690
6843
1929
24188
30401
14088
31132
2968
23724
22466
20797
17289
13208
9475
2220
32741
5584
31415
19383
16011
17862
7516
26997
31881
19810
11271
3639
22589
10138
29608
22972
7866
10307
1934
9636
18540
5671
17198
4135
10496
11095
6432
7943
22142
28611
21354
3779
3000
8711
10497
8718
2536
8840
19597
1407
15765
5312
22637
7050
10934
10966
15355
17583
25626
20338
3601
30705
4615
8655
26828
16266
19490
30738
12943
28125
19086
23514
30795
7852
12888
13592
15614
22667
275
5921
25210
25237
23487
25601
3944
8797
17648
14866
13964
5672
32300
24526
9035
16217
6292
8674
12138
4396
30918
22403
1560
14247
20995
261
6191
19150
23693
13482
9655
16919
19283
19896
172
15389
17616
4558
27904
28312
25393
16503
16868
21133
32694
16640
12356
24770
19802
25223
21136
29301
1718
25173
27074
6733
13091
11374
27549
2449
18207
2661
17970
21912
9202
13429
31913
12673
14993
30926
318
28708
21954
27949
28810
25159
20353
24239
4612
25878
13730
29671
16839
13517
8633
13614
10134
22456
18487
28474
24349
13661
725
9203
30073
11768
23094
32129
24571
17959
21191
30634
20521
15079
235
13147
2310
4543
10325
10372
6548
31035
27316
10793
8342
3484
18838
28855
32154
21966
32646
7828
4919
3226
29816
29433
32404
2589
20840
7940
26665
24953
30525
28937
20938
1738
23795
18986
1505
4444
6393
4647
3067
28187
6616
7543
18054
5706
21014
14743
7640
7800
23386
21410
23668
12720
21712
27938
8329
19697
207
21285
1724
20189
26042
19348
29223
12213
30244
11457
5538
30085
1079
4927
8769
14492
1110
10742
16158
19519
25345
14454
11864
24479
29177
27532
17243
11016
12453
3091
3682
32090
29621
6157
24891
15805
12293
29171
4426
13713
27844
6729
6865
13988
8405
10100
2415
29096
32629
28624
18918
4324
30751
6654
18721
27433
28076
1915
1141
25352
26815
19831
28455
17986
18784
12260
20782
16768
15335
21197
827
15428
29980
5609
11255
12576
31132
20080
25227
22054
29823
21293
23142
10655
24887
3797
31802
14080
3259
3223
4168
10265
12774
13044
24030
30352
13593
8401
25630
20878
17192
24778
4096
3000
22388
26314
5019
9569
27988
3032
17056
18173
24762
31796
6183
16345
16915
19363
18862
23818
8558
9223
2910
11428
5345
16946
27025
300
32296
13564
23442
18767
21392
4755
29603
4051
28692
6163
20549
14287
11973
26455
12979
18711
21871
22286
24240
24827
4729
2321
10114
6961
4621
15092
20031
1807
28281
1242
5447
31997
32725
31374
11538
26667
20198
25296
24108
22655
12099
30957
5245
28882
17590
27795
12238
1371
30693
5090
15753
32363
7730
966
32704
21339
22751
645
25969
12739
28534
2196
22537
9453
10600
17327
550
20874
27380
20520
29601
6563
6474
7296
18124
15570
2545
11060
11000
18609
358
9945
30779
28051
1286
31851
12400
2930
1069
28643
4478
2857
7328
24327
7390
22499
32296
9862
14423
3284
12672
23876
19468
11047
18033
23027
441
27703
11580
14051
2362
1025
16184
18459
1613
26586
15036
14248
2968
27997
13887
15413
18158
21928
20158
7644
17102
6344
5471
32060
24876
1393
83
4300
29556
2290
25344
19566
5069
13161
12640
10056
9115
19507
4772
29647
4935
2727
1822
32292
22338
18180
9565
25764
11847
14247
12954
24251
7393
3714
6739
26104
16942
2761
2357
30055
27106
21230
12095
21275
32654
10960
27941
6154
18211
23088
28914
27166
32434
22372
1522
7304
19829
2639
7119
10840
9235
15248
18682
16202
29216
1018
19532
17123
21731
20548
20974
6589
9053
19714
32630
4384
31622
20180
2898
10449
13530
2782
25450
12079
23572
13176
9985
25467
7226
19750
30684
4728
14553
20426
26279
24884
32146
26648
32404
14885
18133
27979
13381
4215
2029
24342
15340
28069
29245
32734
2737
32071
8649
24358
1876
2859
29432
26699
11795
10150
26008
18801
11214
26156
12578
18109
13417
27167
28223
19909
6258
13797
31116
23876
24067
28733
29594
5395
24810
5075
570
596
15880
15634
14071
31728
3575
2617
16099
9029
13040
16817
16279
23832
15851
12958
1397
22225
12039
948
26416
27623
5421
25675
655
32665
20720
21430
13933
7903
32440
29393
32261
32416
19488
5082
4460
10789
15516
31874
28511
30158
8543
3651
13375
2563
18556
18675
25178
6766
10059
23450
32620
7527
1038
14209
11110
6064
25300
22923
5229
20579
14750
15816
27686
296
12225
12616
16945
22187
27787
30253
26611
21838
14633
28164
16793
30235
31176
15958
10329
4092
16891
9081
16891
24878
2141
26028
29081
19699
15735
9316
17827
8583
18916
27616
1829
31318
14258
18691
20045
4716
2828
20323
16424
6957
3606
17822
22956
27462
5145
27629
27643
6627
30688
4347
11750
23075
22882
26871
1712
10952
24225
23271
30229
11828
31697
14400
15755
16017
1725
4788
11976
4687
6503
9292
17284
1235
2030
32182
25216
22381
28085
28384
30151
32395
5570
24006
13876
20269
16996
32648
20532
8345
6169
10175
17869
13904
12206
8721
12768
1600
5032
18947
20651
12091
11491
21775
29073
13224
25209
759
13854
19577
28901
10328
16966
26717
15465
18306
16877
11062
8877
11143
26541
461
4008
14738
18643
7620
22979
27770
15018
28109
10556
11927
5373
26138
28361
1493
32215
11541
11647
17926
8845
80
7153
15741
510
26047
24732
4056
11290
32037
28035
13085
6817
1484
16150
17161
1837
27769
600
7844
25203
30111
26177
1049
20678
22483
7265
7877
20445
23168
19655
15246
27093
19676
289
6006
6521
26906
19237
31855
17346
30690
10799
8306
27290
18430
29739
31435
31973
20054
17845
951
26562
542
15743
4656
19726
18766
1779
19464
811
2386
30746
23605
16895
12291
18109
25452
8511
18647
6346
22257
19437
29268
29688
16813
3359
18379
20654
7041
6659
4930
21538
10970
15648
23474
30142
9349
18142
9075
5063
32197
26441
27380
15168
9379
21778
19375
9996
4742
26070
16220
14932
27907
31651
26469
31272
10486
27577
26779
19049
25554
17037
12071
29158
26421
2324
11971
10693
2752
28477
29482
15397
26661
32704
5324
30209
5505
16662
26055
28759
23021
26568
27411
29834
4175
32237
30204
6
11383
9198
29142
11042
5735
20109
14828
30538
20465
9766
3001
18525
6280
27444
26971
3412
848
1046
68
23589
13175
6164
26675
1254
13000
23453
20066
24630
5757
29138
24833
23769
26197
1865
3812
4258
31207
2570
28537
20630
16438
8926
26364
5198
9605
21450
23278
10397
2925
24534
2755
30067
1836
24594
24795
23297
23104
10715
20403
27166
22837
27227
3933
31722
13499
6991
20269
27825
22779
13581
12214
32274
22315
16837
6388
9312
3424
13831
16587
17224
164
12933
30128
7604
7497
4891
423
31984
20861
28428
14701
21259
13854
28303
3062
23681
14799
6538
9754
1302
587
925
32395
5125
30713
31074
24074
25434
12225
4851
14298
9885
10015
20397
26229
1200
1653
7988
8319
2298
23974
31671
14840
12230
3808
31094
1461
4581
23481
28545
27409
29595
18558
7618
992
15033
18887
29757
22180
4102
28751
24471
260
12259
1795
16085
26233
11823
22361
26215
14155
12649
2019
21605
25532
26900
18724
31256
20354
17248
17570
16060
22907
9734
572
8068
2973
11892
14270
4319
1836
15658
14003
1274
303
20580
27771
15238
25380
29177
10397
16059
25587
15491
7518
12701
11553
15296
20114
21374
24646
11320
25266
23748
4289
24096
2607
6380
1450
16255
28934
25039
22536
20879
28309
24612
16708
3430
26540
13639
11742
31701
5864
29241
26719
1169
12092
32743
28815
14480
3281
23727
21223
7094
26640
21280
5193
12721
16125
3585
1519
21026
26822
11669
5538
2045
1947
16926
28204
50
19649
20384
31759
19341
17122
16103
10871
30682
4776
24523
27758
17486
30090
24755
26191
29986
19173
24408
19325
2689
846
30412
17492
24228
22055
28346
28768
28476
30064
28655
22733
22032
13280
25113
26399
13543
20788
22223
13348
6312
24776
9682
17190
6080
32356
7827
32100
12228
17752
29429
452
9815
15819
16211
7362
29007
13392
21445
31916
27155
12218
8863
30225
20551
31026
30779
27767
24492
27270
24569
13132
32065
30404
23171
31519
16303
8456
18774
7952
22243
21906
13182
26245
5885
22811
18336
3871
10857
17001
16190
13037
12107
12834
1847
24287
17441
15582
20877
28029
18340
15231
29803
31192
20462
30149
14951
32449
7394
23325
2052
30266
2505
15802
31355
3370
16953
17383
25531
16213
15931
924
18350
28554
18860
31823
16062
20510
6884
25356
24984
12186
15510
29896
8751
32177
20215
17139
13828
7285
25635
11852
30118
20938
31676
1017
21876
27930
25044
28887
23466
30026
29965
16143
14236
29421
6142
4586
24124
10936
20953
5094
20450
23606
25163
19209
27469
22717
19620
1909
29157
1697
7736
8253
8514
9383
29701
29303
1522
25021
918
22162
27511
7400
11047
32746
3472
24957
19721
31386
28346
29588
31304
15249
30709
186
12428
30441
17867
18662
12093
12404
18063
21423
10218
14999
3555
1467
19948
5979
380
10875
2374
28609
17194
17941
20688
5462
31762
17314
28565
16904
27966
21402
14713
2616
26969
3724
29471
13584
7091
12307
28937
28439
16524
32261
12801
2818
12942
12269
30904
17614
29083
27324
10414
15115
1737
9403
27217
4731
27051
1476
23145
30683
19155
6066
18611
29697
26516
23318
18892
17959
19213
5164
8273
14471
8290
25613
16709
9000
31309
549
30643
4343
13270
10728
27540
15129
20062
4289
4082
20096
28898
30795
15438
12220
27774
12484
30016
12564
27184
8127
10333
28374
9695
7960
24413
17899
23196
18477
11902
6318
17447
32587
25123
22015
22965
21351
12225
30354
9712
1551
28155
25741
24640
20384
6156
339
11081
13240
8294
15770
7349
31214
22168
30660
29235
7873
25717
5228
6079
20687
9843
1343
25381
20040
25425
12813
10432
13985
9981
30751
3464
9357
17588
13260
14924
9257
17515
2119
21563
22902
16238
22971
24233
27405
28743
11674
27152
1294
31201
25906
13397
2138
10733
1665
7757
14850
14981
1866
6784
1791
22287
20072
31021
12323
26725
24419
13710
29263
27699
25665
10332
32487
23456
2462
17302
22659
25904
24831
15231
26599
32232
15716
16614
23862
3508
15900
12457
12642
15111
31709
23676
23527
6593
3092
20711
4281
16725
20090
15502
6778
3627
14568
23733
9457
4675
5484
4867
3000
31004
26268
2182
308
25300
26154
504
8650
31376
20921
18753
18256
19486
31215
20540
12482
7385
18380
28862
21047
19405
11322
28117
24851
32028
11749
6733
28797
5281
2380
18553
12820
17362
5913
26416
11997
12011
27821
28693
3200
27977
27392
2843
12981
26899
12200
2889
25849
25120
7223
10427
9349
6165
26570
7146
28288
24526
28383
32301
10868
10240
13671
4991
23807
12572
20253
24962
29387
31862
8725
14276
14271
13990
14232
3393
20087
8494
3887
22314
15346
16222
10238
15589
23435
19061
13395
19797
20267
12553
11135
6491
16316
9641
11749
22429
481
192
28496
30086
29412
31164
7050
14734
8688
31600
26922
23227
6528
6071
20141
12647
23831
24155
3528
25925
28466
6965
2301
15519
29562
16277
5997
28897
16703
31460
19181
11355
31266
18055
23643
5443
30993
26887
12851
2553
11641
13423
13661
29327
14006
1014
26697
19337
21455
15582
29758
19937
31584
22172
8431
22607
12247
11833
27216
32199
25571
10488
10407
23874
810
27193
32486
9921
29499
8349
824
29071
8387
11883
21978
18375
27907
12595
6700
2839
3969
11441
1544
5827
16382
23795
31570
17133
15529
29630
24528
11539
146
17711
10044
27097
15969
10142
17304
1033
29512
2759
28610
27864
9782
2604
2120
16747
10062
32437
26237
2457
25495
21402
29133
21491
8437
8834
23373
21249
13912
23277
14230
24527
5171
30927
27348
1448
12592
3709
6938
31522
12066
9677
7417
11355
19514
15481
3664
14977
29823
24517
4965
5272
1912
11106
27189
3447
9771
12177
18441
4884
7500
652
13642
27394
16302
289
23446
6200
17661
672
31251
19988
175
1015
29700
5280
1336
3612
11674
531
1917
23467
11020
11675
5772
465
9706
16217
31626
8296
3246
16813
21996
23907
8340
6069
18411
12141
9643
15632
18225
15309
22828
13032
26073
19341
8715
15919
10134
7131
12237
23336
14130
3503
31641
2602
4155
30894
24465
22945
28921
9551
14435
20821
10402
12860
17690
8943
5585
26875
14651
17337
26933
17869
13581
21413
134
14038
6200
30097
28094
22143
25233
31945
32389
9497
5941
5069
22509
1475
21973
16469
31327
653
7760
26771
16854
7133
29319
15800
13898
10002
19053
12217
16496
104
3677
20051
5792
5147
2993
15181
30230
720
6032
4605
31838
25904
21511
26637
13578
29398
19291
19327
12198
4203
21918
25071
12782
2319
31873
3352
23102
30459
20841
14490
17993
8037
27077
13563
4622
17828
30110
17387
17160
14741
9327
14796
29605
9533
19512
22641
21242
23984
1742
18214
19637
15153
14709
19441
27987
15514
15024
10776
22163
31231
2648
18915
22570
10894
20460
3491
184
16825
4904
30707
15099
26520
25305
1854
19266
20616
24047
27266
16677
14361
21204
29523
12660
807
26876
26914
19565
19782
2238
8639
9266
25956
30050
797
14202
32169
19835
21078
5254
4770
25975
29678
10327
19871
12404
348
3614
26201
11093
22470
29428
18392
32277
1037
25035
31892
18268
12297
2980
9691
18000
29974
24579
626
22190
14287
2464
18559
29465
28953
9056
22182
12722
2148
14723
115
28392
9005
27423
31224
6802
3527
16333
9911
23355
8540
1442
20418
31676
19247
19297
1312
22289
6435
19182
11891
13925
28545
22534
3800
21871
19446
10030
16399
257
14811
233
26844
990
23481
13614
12972
21965
11789
25369
17020
16619
26440
26849
14583
28997
6426
4106
32222
8870
30448
18908
23213
24750
26044
4115
10364
3364
14580
15832
5411
8333
16605
29936
17313
22782
3593
25396
19391
19246
3614
31809
23792
2511
26074
31600
2172
22303
11348
16905
30429
5306
27525
26035
3177
26034
2566
815
16690
14049
539
10566
12331
8574
2545
28672
8588
23535
4388
4119
5239
11486
14212
3755
3035
5263
8473
20791
8857
8305
19301
11716
10981
7411
18408
19293
23791
6552
32746
26306
22723
29518
25972
20321
32622
22780
13728
12417
26467
32346
12306
31425
28701
28933
26567
449
14597
17363
4366
8735
32661
1123
28883
933
10430
12025
20771
19392
31111
5257
7917
21556
17144
26386
5382
14863
1334
24622
6256
22747
19951
13798
10716
1560
22008
20938
4205
8426
8757
32322
8639
18958
11194
32287
19240
22546
21295
17013
16446
23494
9081
12973
29337
18670
10135
15062
14042
5945
22473
5180
15083
28535
25080
31804
12681
14598
20818
19798
22272
7053
22837
11908
13110
18669
18254
19658
15595
9077
24834
21263
16959
5206
12300
5163
14965
9814
616
6977
25846
14536
8560
5711
22937
24251
1094
20227
28193
15986
369
9681
5384
1300
17355
17218
6523
17061
1690
29583
23717
16949
23805
24686
30768
12887
2186
7468
27145
12757
9013
14588
11620
5282
8307
19343
25857
29968
27040
12260
31405
25923
6558
24930
22539
21734
7104
12068
7316
32540
12774
14740
29917
29882
9705
28219
30488
5811
10809
30167
10462
5332
11716
18606
4652
17585
10010
23843
427
25823
6863
9351
26164
8291
24865
18993
24979
26219
28379
26833
30859
27196
9594
10753
1051
24428
28301
1053
18432
18001
9826
2645
21115
23737
6622
768
2388
1755
7085
14387
2079
17550
29852
13971
13246
1721
13122
28263
10023
30987
7910
27378
23912
5100
20893
5119
15592
2739
15795
11709
26607
27161
8780
2765
30312
31469
13131
9370
31974
15626
30835
3561
1254
3719
10188
29617
23124
21293
32585
8236
21072
12334
24999
13358
28465
12307
15000
2742
1482
25335
28193
31426
18413
20211
22337
27496
22574
17625
6611
28195
19177
27941
19381
21355
14471
8496
14634
28040
17660
25767
18557
30119
16532
4924
16616
18222
17904
5787
30899
25933
31051
14496
11936
32469
19715
26055
4743
25678
28500
29668
16702
9284
17766
16660
14267
16865
6026
16115
381
14785
21184
15887
9768
18689
894
3485
6767
10905
28076
17259
14390
16108
26099
16406
504
20894
20535
17277
13671
29094
26466
9589
29011
4004
12900
1727
29389
22132
19064
3639
11660
29187
22184
1613
17296
14433
24723
28345
8196
26904
26222
22123
14697
30397
20041
4545
16113
3780
7827
8445
13609
21400
8161
23286
17883
31980
19435
12302
18227
21067
11735
6499
15904
13303
6075
2122
24573
9712
20829
27129
22385
4435
9277
4995
20628
12261
26837
10762
4179
22000
31007
23343
6933
3662
11352
31182
11935
15555
16388
21225
4916
14992
21042
20193
2049
8516
20737
13036
20153
14294
867
5827
6781
13809
3873
25243
26110
20879
8223
26967
29925
19145
5346
29436
1139
27117
21583
19301
28516
9170
12469
10552
18714
22632
31758
280
13303
24467
12674
6428
30475
22586
22573
28800
5871
28059
802
20379
30192
1761
4784
5137
16240
5368
6884
3402
8842
29344
4942
32035
8181
2752
13320
4323
28459
14589
9205
26224
16074
6284
23623
29123
21562
13636
25924
22169
20112
21240
20553
2667
4274
16131
4879
21153
5820
24612
10285
29443
15011
30861
6366
8304
11289
20022
21509
3026
8112
11639
30318
6481
31041
31190
26711
6087
30095
16670
29743
3188
5928
1201
15005
26356
23180
11550
10180
12653
30097
23542
19910
4365
9734
4060
18566
10932
21399
20188
3763
16365
2288
19198
21506
6179
2086
13594
24762
2578
32338
12781
630
14715
6783
9581
31270
23836
3014
18522
2904
8415
10935
15382
4278
30802
20987
4278
14799
30039
10808
29017
22042
30493
27957
27320
20791
17742
25663
32767
17529
27530
9675
476
16802
26901
22108
23509
15085
2252
28839
19422
11346
30046
22773
14379
27141
23992
16330
5955
14400
15809
6084
7766
4162
8008
8901
10704
13976
26426
23125
5166
1691
793
14145
28432
5946
2729
7304
21136
7417
10733
27000
14035
11578
26449
30485
3037
18107
6697
1210
938
17249
9562
22531
17018
5940
19031
5097
26988
170
10320
2863
12110
3624
15270
4606
31668
7366
29089
4812
14407
13395
9317
27266
19552
25753
4898
20445
30422
2017
10892
18964
31252
3770
12683
31420
20078
14583
11827
16105
20149
24567
5878
27543
4872
13865
9240
10568
28142
8142
21860
13038
16290
2305
30
31754
5038
23797
31032
534
15547
639
12232
19745
25256
468
19386
25529
14041
14227
9410
13837
17106
14598
9621
17491
1284
19877
28505
1128
20454
8667
20826
19126
8008
5901
26878
14939
22501
21721
32251
136
9527
32667
28359
24358
27023
14390
16721
19136
29796
18705
11246
8093
29419
9311
10902
12844
20201
6052
29776
16038
28614
22644
25835
31726
4578
20094
12015
21948
10284
16074
27091
4602
31728
15423
20592
25966
32496
360
17334
15258
951
6008
26014
13792
20522
28299
24671
9706
15968
19246
11749
1865
24499
11554
29567
15452
22039
4957
17880
4724
22443
16722
26920
20789
4238
26994
25003
22848
22260
24819
26707
5647
25977
16592
6074
18207
4021
6161
25946
25685
9488
4940
15104
8603
30167
15724
17534
21962
11920
15793
17824
18636
32139
14072
3170
11522
14010
11325
21344
18403
27074
3678
10382
3558
7762
22305
11305
13730
10932
21881
15342
1588
22690
3845
24201
25826
19546
23258
848
26110
25077
6530
27185
25868
29940
11844
18409
26663
17948
7590
31351
21152
29572
