12110
12197
497
20805
4112
3856
23256
27730
11231
23034
28501
24171
6438
20656
13265
27236
28469
19924
30386
18972
20802
13652
25471
13580
10925
20380
16708
13599
137
25867
28728
15812
31831
11684
27293
14658
5140
26887
19688
77
29559
12959
10530
28630
2676
26140
10638
4391
25860
10276
18060
2094
12328
26437
5053
15385
4139
26927
26728
28196
11304
14368
26396
12975
4813
1183
10391
148
23646
20333
3559
19127
11773
28601
32207
22495
552
18835
4460
19652
23171
18595
29720
7273
16088
29467
31375
21163
11612
10474
13649
27930
24628
25395
583
13833
3127
2045
25000
21985
31990
9772
4638
3771
12793
11696
14373
22061
24908
30716
5300
16739
827
13497
3872
30578
19289
3772
5693
7658
12999
7478
7366
29610
30642
29995
13567
3577
13854
28454
3992
27602
32226
29994
25045
21374
2548
27883
30444
11881
31975
4670
28847
22318
18098
21967
31594
3572
6067
5138
30991
1789
1268
14460
26512
18300
16812
8434
1677
17575
4617
21890
47
30990
23340
26705
6484
25643
29814
4564
11500
10298
7682
23875
30370
14923
16498
31051
28864
22677
23023
260
18764
15117
15467
20770
12919
12855
297
15727
4665
10300
21888
14969
21813
14398
1244
20359
26850
20456
25605
25810
8428
3913
420
16882
3032
23266
16387
20631
31464
21501
15380
30585
16702
11073
9653
8594
28227
388
27954
17802
1866
19168
27147
371
1137
26633
24312
7862
5320
27101
32555
4685
28086
13117
22741
19763
10648
27932
18667
28953
31146
213
23594
15707
12075
3266
16729
18482
24508
1802
12494
22571
10506
698
27955
29144
22444
19224
16778
28101
30031
18740
8303
10925
528
26559
18589
12270
23849
26912
4788
21563
8400
25541
19514
15505
30044
22711
17375
18284
8106
6258
27397
14394
20159
27123
12415
14096
27822
10258
30873
30876
30396
18706
22105
8795
8387
1143
27141
16139
18388
2839
2277
22372
30752
1396
4682
771
2585
19529
5584
1447
6868
3939
11999
19615
25522
24242
14712
24707
13631
18848
17454
7971
6490
2209
25458
20925
24727
25868
18964
29555
7905
21289
19207
15355
23396
29323
10341
17049
30634
26784
21426
19786
4611
18822
869
8258
26411
800
16804
24985
30503
32362
22608
25922
29040
27401
15937
30012
11347
26919
27091
27148
11160
1405
11425
10090
31330
15281
31888
20795
23638
29411
19984
19647
6655
10371
25502
25100
27761
15717
13965
4539
19501
6423
23815
29409
10053
6002
4431
11585
17089
29807
15944
25535
19264
10812
13627
8984
22755
30095
28885
10449
27238
29755
2415
5741
7056
4609
16019
25827
6862
14248
14779
11343
8731
28751
28251
5096
30498
30979
15138
32306
13991
28301
12413
17781
28451
3469
8286
7277
20142
14541
23355
26435
26658
14799
15961
8380
21374
28584
30538
8113
11656
24593
8373
20671
15031
24252
7253
14399
12623
16100
20036
20600
28366
17192
7546
6164
7303
16281
23952
25809
1933
8722
1482
20089
12242
21704
22869
17940
21136
12065
25805
11612
29672
26826
29955
625
11210
17156
27388
29646
14868
23614
4413
28796
9726
25065
22085
2181
27829
5256
4188
12716
838
20998
11915
17499
12222
6733
31468
17629
32143
16916
21028
19661
20790
18424
29741
10447
24347
32719
21081
32382
2489
2105
32403
3749
27390
15991
8168
26545
3317
9345
4167
7270
5538
27986
1925
21202
27182
9095
30628
16255
3396
7720
32341
24813
15546
14278
4027
3903
4724
31686
15986
13365
11397
15868
17616
16218
8344
20604
13163
10879
16015
19372
26843
8807
26217
7326
14017
10180
30057
19869
22536
15458
3700
15622
7274
28835
16828
13914
27958
25899
22427
8592
3921
5340
17089
15536
18043
31493
32146
5021
15828
27094
22218
10802
22943
9496
29027
3217
22085
5403
31672
14776
22685
9711
25066
7254
21354
9942
32643
1500
26150
15866
5209
24534
6398
17500
182
1916
6685
7693
3253
1924
24621
25248
16111
9275
22043
27103
1623
28116
29723
4285
15203
19712
27117
19084
15469
15807
15966
21104
10584
11381
2065
4372
630
10560
9087
2715
11945
25993
2621
26842
11465
12249
12158
30148
29766
25070
1496
6693
18703
29967
4683
13460
1714
12444
12415
23714
9924
9961
27725
26200
1667
29772
5249
14817
12218
29813
27358
21379
10469
25086
5475
32724
4246
5187
13517
10282
2071
20340
17501
17235
12625
23273
9947
16006
17388
20917
1243
29338
32184
24957
24639
31094
29260
27531
253
30665
32237
15390
7971
12027
24497
19460
28184
27491
16099
16491
27940
8890
8106
7413
8498
22223
2790
23562
7125
4221
27995
24946
29578
1754
29201
31523
4413
18098
23546
25687
30478
28212
8918
32482
25684
20714
22356
14019
31458
6127
4730
17401
18826
12892
29766
16024
24544
10755
30102
14619
20288
12384
4421
21756
15635
30668
2199
1410
27213
11508
18135
29915
21562
9354
10302
16234
21115
4410
10263
31074
22092
21984
14881
12948
12040
18424
21301
27781
30702
30293
25896
14020
4901
18455
20979
25978
22014
2007
6673
5699
19066
12068
18985
30524
10764
1587
27629
1118
30111
27602
32322
12042
20187
22942
14497
9188
30372
30838
7613
8933
5348
22831
8550
7596
11659
9609
26029
4117
26324
23906
21321
18189
1225
29738
4409
2469
15881
25239
8107
22629
19913
154
6685
14050
26393
15249
25794
13202
28008
31934
18727
8672
5707
21496
17942
14972
22650
15008
5819
5621
19483
727
13573
13705
24644
18158
23375
3644
2491
27934
18752
18983
20224
4986
20463
13331
21901
30753
26955
326
21596
12728
24251
28061
4010
19480
17153
24027
16891
7491
17252
31809
5726
26269
5134
863
6130
5721
31667
11049
15017
15665
17011
27725
24908
3162
2050
3524
1215
28599
17670
12455
24711
6221
31680
20037
18569
2807
23535
23666
3092
1882
24049
3106
2594
23324
6444
22070
23259
30033
22956
19093
12891
20022
14605
21887
24757
30498
16028
28446
4920
26297
19129
26974
15089
21859
20864
20479
15472
15869
10408
3817
19663
22222
27818
21183
8177
5820
16678
22454
19464
6847
28803
6824
1626
32663
11991
8292
7492
954
1030
18249
21375
1425
8493
22291
162
12771
9537
17140
6888
30354
5363
20967
3636
3461
2519
8513
1106
13285
23750
13704
640
24972
20353
3465
45
5306
31126
27557
23296
1546
31880
18796
19484
22693
17194
10605
17059
6838
20556
15179
18296
10782
24729
1556
20042
20840
25536
3279
6094
12543
4306
8532
2379
18590
6635
22881
7516
13577
17173
23017
20978
30203
24681
27823
14232
20575
32632
5140
1531
8386
16361
4397
22953
12809
8035
4121
32537
27743
15533
28306
28396
28786
22035
20673
24434
29407
1804
30807
3952
27626
2331
4569
11808
28531
31731
27707
1146
16678
30942
20145
17330
30961
30047
24770
7426
19387
14614
22686
1705
19539
27365
25521
21044
14502
31057
32120
30716
10038
25131
10388
15344
10439
7535
15901
3988
12891
12140
18232
21834
25441
9765
5356
26833
31786
1528
2609
4363
6300
27005
19530
16131
810
22705
19797
15918
13316
6996
25889
14833
20618
2703
27711
15460
16135
9690
3420
2646
8860
28445
16590
145
21370
21013
9836
22110
10068
6906
12707
26956
7701
16479
23494
30254
18126
1113
20646
25443
28914
12515
18787
90
32197
29569
2433
24148
26130
7204
12862
9836
18460
17230
24611
4309
4568
7030
18138
24932
7001
29102
16191
3406
17804
8579
31673
28210
28965
37
22219
9818
25049
712
28646
6718
25038
9289
2690
9033
14672
19989
25453
24544
20165
18503
28770
17569
739
29968
15837
21224
7456
23388
24366
6296
23658
17586
9420
23832
25
29276
3309
8091
23842
11721
8787
19109
21389
14383
15721
16587
14377
23924
23438
9914
1662
11855
177
3706
28419
9643
22302
26612
5521
15692
407
23218
5144
13748
21415
27879
5521
5448
25651
7087
7475
8879
11858
18583
19946
24187
13407
8288
17925
16395
22860
24320
25390
14767
25656
5354
672
18446
25156
20879
4500
4293
23203
22309
508
21585
2289
15271
30580
14127
4550
6941
16502
9793
25994
16157
28621
23156
17803
24466
10828
16288
8012
24764
31935
17072
12833
12920
20002
19202
13048
13506
16913
25361
25210
17784
8064
21585
18771
23392
4012
14938
3789
21101
18769
20809
7588
19774
31774
867
2838
20456
4198
31228
29753
30709
3864
13720
17809
30125
17905
29007
8418
10900
31728
21878
21827
4403
18955
15739
7540
21019
27680
5393
6257
10792
7726
4237
12359
1539
22981
17552
25383
30442
1979
24807
8889
25780
31265
4783
15794
8463
17013
20925
1961
16397
14361
7485
13095
23007
17156
27544
4605
6624
16056
20892
12250
16085
2420
9431
31516
28786
5034
7491
28647
3617
947
14889
31092
23296
16834
28223
32172
11048
23
22291
18166
30261
4981
941
16461
29443
12245
3696
14229
8373
23900
3650
6703
24828
14731
8941
24523
1942
22710
8388
6013
788
23479
8073
19220
737
3555
28814
11431
16000
7997
16411
17008
16917
20202
26128
1245
25639
6629
10699
8933
18596
16884
32076
24729
5413
16603
29591
17403
14964
31695
30298
1042
30540
19245
32464
28222
30815
10860
21989
13770
14749
9297
8091
25024
3252
20321
13740
19713
26835
28316
5489
27796
26548
2664
25858
20543
5081
5580
21407
4436
27670
29662
22863
9166
16463
29055
6598
15772
19331
1861
28300
18493
12041
30649
23644
4237
13082
7619
30667
10463
28816
32610
32042
12619
18413
30880
8108
31306
18847
4806
21452
13696
29571
23500
6377
10456
26535
21011
1587
6102
84
14423
7883
22313
25932
26079
12582
16000
1616
26358
17843
27807
7909
415
24765
4530
10072
29317
7058
13281
22272
30257
22757
8740
7107
29311
6257
2393
10971
21587
11743
24468
3802
30088
24298
6582
22252
7977
11457
24385
19293
31716
19628
12394
19291
3771
5107
12912
14332
509
23292
5677
4227
25205
7091
19691
9183
6881
20270
32632
31604
17318
20114
31613
25374
6849
15152
2827
12915
14337
12788
27255
15177
20851
19968
20584
377
9246
16020
15406
8162
21745
29745
32341
32432
24058
10494
12154
16094
23513
18538
2398
32505
20339
31251
22073
23847
10219
21479
27217
23145
10446
30600
23498
797
141
7925
27840
199
9009
23656
23443
30992
15690
4474
3458
24079
21288
24973
18300
5064
24654
9067
26930
3826
2852
5675
24177
20734
16620
23893
15023
25940
19959
2118
13028
17376
17945
10453
27035
15565
20826
15670
16712
20880
12526
28959
10460
7977
4200
31274
5783
15781
30506
4987
9501
14568
28192
23714
1741
1705
11694
8130
17230
7614
26598
17139
29546
4762
767
26854
28448
23828
22530
1224
8692
11114
18887
25960
31114
26245
18464
31643
8819
19326
4948
24544
1863
15970
21455
23360
17908
14898
23063
30584
3925
558
6914
23130
9479
30803
15399
28785
27000
15651
17554
10980
13888
31908
17852
21660
27829
3243
4282
17065
29881
16474
19380
25570
7639
5352
31641
29644
5775
7072
22033
21694
28141
17709
28595
21826
21345
29204
6777
25789
2250
27778
2160
31571
15060
12104
1716
14597
13188
7716
25756
28
6929
4930
23346
3787
15094
26114
2278
23568
30533
20220
21891
15323
29246
19778
21089
3698
3616
28900
27357
32532
16703
11962
30982
5596
28759
8541
4761
8425
17184
23415
8752
14524
10018
12093
8374
25569
29899
3897
798
7634
27327
27725
12372
17688
29551
13557
4980
13491
26861
22988
7739
3260
19199
31570
20411
28233
7026
9452
4946
11921
21680
14636
3036
17745
11925
29523
7976
31342
9599
8724
21929
5851
30628
32667
25198
7357
3241
19150
26452
19149
31600
1491
18811
28414
8753
32210
10742
19553
1228
32764
22215
6213
25949
24524
18442
21154
19217
12940
32112
32184
27449
25628
20463
30963
10397
2287
3000
786
7443
4438
26218
10120
24912
16897
9605
6946
1789
5570
2337
19435
30990
27797
20192
10317
13903
11230
24865
24952
6719
13297
1654
11528
10274
20183
9561
18913
3154
31824
28698
19550
18390
16148
3356
30124
14901
20318
3905
6768
32140
22187
21155
23728
18655
6335
4485
15600
19629
11754
17801
18075
15815
12937
10531
23461
610
4047
27981
25455
13674
16838
30588
24811
29721
16016
15315
13312
10697
25331
1943
2608
19974
2069
20452
17016
18664
9859
22686
18551
29087
10872
18345
10963
23376
23901
30813
28889
25632
2188
9012
29539
14990
13657
11718
15615
19717
11859
14072
13645
22449
9671
13168
7081
1171
9606
11852
5386
20944
11240
531
20778
12879
6673
7659
2792
7298
22387
11021
26602
31620
20116
9847
31622
13925
10002
17120
28899
16834
24804
9969
8283
28568
13538
23474
5156
29017
24200
32579
16432
16448
13047
4044
29009
24546
10556
25270
14241
12039
14293
7196
20513
15031
11121
14972
20896
18328
23288
2739
8415
1399
23755
6184
28658
8484
8525
27975
19689
10371
5794
14385
944
29920
14775
10161
22324
3971
14466
5235
21959
17540
2443
19056
19654
22497
7339
1709
8057
4302
2323
32037
1338
3916
23697
31491
29402
8189
28687
30997
13120
567
25949
12926
29523
21591
12848
5035
17691
6744
23658
5512
24098
4772
19355
22771
5409
19753
21448
5745
25304
14512
23916
13855
27198
6762
20157
9196
19418
9164
6704
13318
18545
6813
5695
11154
30433
18254
618
16800
4429
7561
23932
11358
7546
21260
28943
3723
29817
22712
13906
22831
28039
27109
30730
30090
12337
9721
21975
19274
29116
26681
3257
30465
8643
20959
10450
17621
18978
14956
1134
17274
9747
31295
14400
861
13463
17255
24814
22050
18968
31926
24017
8785
25932
21270
27894
8012
19292
29984
18536
3461
12102
11499
10417
16109
26752
19490
20638
944
31966
7770
1603
20255
437
21922
7487
10477
6209
9563
30273
16031
2372
32586
6091
10558
17392
9963
17462
15183
17415
3848
12535
27397
9025
13707
17184
11444
23022
29073
29994
20873
29404
26559
18929
15993
13947
6361
28928
3959
4415
16016
15
31466
14662
27292
26058
2398
22331
7179
31188
30073
13946
16089
19980
18481
16500
18880
9487
1341
18261
28241
12798
31689
25573
3908
1409
3950
27308
28941
19467
3425
15450
22704
16736
25067
30054
3285
32085
16921
16628
27935
32215
7604
21244
5050
4655
28019
19881
13619
2948
12656
5631
12941
22178
13273
23489
4497
25338
25576
22674
20325
31465
23829
2650
16736
28989
28298
27883
30749
18421
14039
30437
22734
13384
10215
24022
24787
9193
1842
26022
18316
10122
15925
16179
29291
26271
3871
14904
28493
100
462
20083
26890
32289
7417
16391
19018
15020
16303
25375
667
25392
12032
17108
8641
29998
11258
12113
15693
24001
9687
30516
21618
7718
23668
20536
9747
6523
1797
13073
11552
28615
21256
11928
14115
2619
20343
30248
18710
15544
6210
12104
18040
8337
22012
17034
3744
3217
26068
13235
1104
20032
15816
17691
13197
2146
24853
27223
2478
23233
30962
19990
21428
14124
25981
28489
30425
1984
23286
6535
5996
2662
24363
15535
8667
1437
15155
26575
27154
14970
13663
27460
21763
14316
10094
26147
16518
29509
17664
17112
7524
18934
9806
26381
28590
20634
27415
6862
10580
4919
2526
27370
4850
10944
8018
2716
14061
19422
21006
30826
703
13039
7810
27214
4751
4432
7985
17684
23301
24535
9502
8963
9564
15012
13440
11711
4537
10778
14781
20334
5051
32040
2710
32538
7507
6349
1951
11350
27606
24795
29171
3621
11088
7675
18725
22807
25628
1265
17786
8373
26289
17185
16981
26655
10687
13394
11506
9716
20091
9651
19287
16242
16182
18971
28552
16095
7221
17301
27387
18727
27325
26140
22091
5830
14957
6051
304
29672
13521
29017
7855
3023
19251
1578
398
886
30388
29321
32011
10100
16028
6509
15822
12578
30959
12953
12059
26368
31041
3617
16460
7253
8650
12586
7807
21526
2749
12273
13964
2825
13270
26895
4922
27946
29746
1531
27570
31310
7268
25808
30259
24070
32453
20304
21256
32454
21003
9001
9143
2119
8734
20344
8828
29993
17191
19340
19957
23517
31465
27372
32031
706
21588
12955
28545
32654
20823
5018
11687
26096
28407
11951
19922
18804
12190
1381
28910
5798
8117
15444
3012
1914
2164
21154
20593
14059
17657
29386
19479
6115
28056
16540
3282
21339
19827
18566
25582
20931
22090
29713
6231
29604
1684
10158
7504
15748
30158
28083
8552
31498
31507
21153
2474
7522
8685
22184
11541
22755
24939
6253
25676
17903
18803
7434
16782
2331
6746
22870
1255
18064
31410
24680
8360
25778
16227
23382
25110
25087
31230
11842
4703
16953
16717
28312
9170
22215
26671
3729
16206
26201
5794
25084
17915
30667
31010
24637
6969
17484
31282
18326
19158
5311
14904
1445
24452
3681
14733
2350
32138
12972
26837
24859
5561
5756
5004
19649
17570
5233
22754
8549
12806
32404
9929
10495
1166
4925
27468
24125
15804
14644
28706
10699
4642
18198
5251
1234
4562
23034
22842
9407
13589
32597
29436
5189
8544
13851
22264
23973
14979
2855
30127
10797
21540
21725
6150
31486
5996
21006
4761
24339
28928
12315
17235
19071
6963
15454
3388
29430
6266
17605
18065
21903
12832
27584
19738
18888
20282
29534
13496
17867
14302
17331
17470
14320
6288
12412
13441
6530
23037
16902
26035
7878
8428
1355
32492
10297
2673
10078
11274
22810
30819
24586
28091
30504
529
28598
12248
30637
23857
13452
6645
23995
21273
6875
20022
19894
5682
27833
2660
31250
2985
17644
24383
19806
23911
10507
29206
30082
26692
3808
31894
13381
23159
20753
32480
6418
5713
22271
22494
2043
11564
29679
14294
12798
1694
16744
8511
25223
2034
30939
27604
17975
20440
4234
32232
3812
23131
8098
12281
6369
8468
19882
3719
30079
2973
20769
28198
32467
17481
16739
1491
22714
17682
16333
900
795
12499
15393
20227
24940
19640
22572
28411
23416
11762
11942
17491
31583
28591
345
4028
11486
1353
4742
30086
464
31933
11652
29624
8181
17760
8874
32351
15347
20173
14959
13862
17818
5154
25552
27943
10604
26476
8690
28161
19293
4447
32009
14635
7895
6475
31352
11400
1
18763
24634
18747
12865
17088
18304
3004
10240
14077
17051
2603
30637
6212
6685
19685
8708
22258
25915
5462
3472
32502
374
1806
23406
18823
11643
26390
31061
30487
19271
25988
5331
1410
3470
9549
21465
5772
5214
30299
30330
6794
15616
30175
17904
4959
10527
2281
29920
938
16683
25910
21727
24126
13824
7240
1332
2515
17859
23740
32479
19707
18445
24025
8667
13911
17740
10597
10145
21770
7526
14268
7917
21870
415
4643
21700
22022
17852
28505
20150
2228
19560
32367
14945
29740
4824
21466
30262
27049
8107
11463
6016
735
22804
31918
4513
15408
1594
31018
25247
32546
32735
6152
26848
12561
21568
13213
17970
6689
25149
18781
29711
14455
12218
1706
27934
21417
32581
6122
4092
25714
26873
28124
7997
9387
31394
27948
686
23414
8994
15429
11741
14781
27923
9062
20444
23259
19629
13048
12353
15768
1258
9247
23921
18779
26601
10127
4127
13211
30352
5793
26639
22935
9078
15013
26144
25159
15616
7802
18313
15506
17098
7773
9827
19905
10824
10751
872
25652
22189
27866
7418
16979
18443
20676
14183
21960
17852
3781
14955
28396
2050
16934
18422
3198
9450
12746
12336
3995
17526
17346
26298
27626
24570
20251
23863
10264
4295
16378
26380
17028
12807
16876
2659
20027
23016
25719
25206
23590
28157
28149
30474
1154
22241
20642
11577
9361
5917
30195
13685
9359
18763
21545
6858
23016
18812
551
22371
22952
3544
15744
4688
20275
29316
5845
27271
11062
31945
14430
29480
16093
22898
31430
17669
5959
6773
15420
18785
11575
30678
11719
8696
15628
6089
2777
21056
23283
8727
28456
3567
5979
8898
16057
20669
18345
32748
21565
9067
18221
1781
27041
12804
17493
21732
28385
5987
28193
7688
17181
501
5591
6367
1006
5568
6392
4150
26362
12196
10098
24722
20934
28129
14871
25807
9164
8666
19790
5639
26318
3865
13321
25269
22889
7058
5879
282
2029
21804
29690
16608
26476
28797
12763
8190
10001
9429
7229
9947
11187
2431
23503
20406
27050
22595
16070
32069
4322
14639
25995
17564
16174
31640
10160
3665
11486
24667
17705
21214
1939
22888
14265
30278
28498
25218
14506
1788
18904
22336
20161
25600
24621
27224
30833
3659
31356
8732
17999
10605
28194
32325
31174
28533
20997
10992
31756
7185
19751
25830
16724
4854
13179
29472
27718
17794
25847
22923
17836
7072
8938
10504
23662
25581
20368
4279
25024
3865
19427
5237
5530
14991
26549
3235
22376
20056
6140
21290
12036
12860
26477
16827
25057
24107
21836
25948
26761
18908
5762
2848
22601
32692
27888
2613
5418
22249
2307
28452
24612
6375
10632
27733
5519
5619
28098
13266
12250
27918
3514
7756
25215
2844
27863
17251
24886
9541
15022
26402
10090
12956
5659
24777
21481
10494
26257
24272
27871
317
24494
11304
8197
18046
25363
23236
21270
13536
13426
30552
6275
11103
13288
10849
23655
29943
4750
27237
23997
11532
13643
9084
18385
17161
14828
30735
32756
24904
21110
32480
31604
15154
27322
8778
12747
1703
19499
1227
32535
9376
13293
3775
2762
15634
3886
2414
1699
21014
20921
27465
23005
3656
6856
14705
3238
21100
7194
8825
2002
18008
30534
13933
31953
28942
1359
24595
2526
7208
15480
880
28282
1657
10330
25998
25625
10737
10291
16765
28443
6337
26497
11928
15357
13760
17616
15369
23761
19469
6864
26000
31467
18934
8106
17792
20702
8985
20116
10250
167
7625
4004
25533
6695
4020
4577
6990
26071
19906
2976
19605
18359
21312
21774
20697
20103
25661
4361
12877
17210
12084
22580
31450
19624
12780
6730
24607
31619
26013
10674
28855
21132
30292
9556
9914
7942
2456
13484
902
13675
22606
18972
6335
26207
8154
24455
8852
16354
11911
24859
5956
28361
3881
14958
20449
21615
6145
14797
11861
9384
24800
15825
25762
8182
25743
24882
16750
15872
20847
6368
9662
23615
19805
30800
2050
17659
12504
4116
10322
8822
32102
6831
23031
12903
4915
27559
1581
19881
27132
21724
19495
6197
20779
30231
25172
27982
31556
10982
7393
23547
22655
2728
15743
18362
1207
12004
28774
371
19586
13279
6809
27819
3490
10093
23916
1274
30364
23047
29508
22463
27046
17950
18847
17938
1734
431
31828
8954
8505
28184
5659
480
9234
6698
14927
18756
10787
2687
7155
23983
19744
23565
26100
30953
28674
29948
30893
363
2218
14261
8368
30231
11463
27708
10948
16935
26105
21439
31018
3428
4407
6767
32293
23704
19822
7054
16313
5701
15722
11209
18610
16279
8442
24009
10984
1432
2383
29957
30402
26275
11430
31450
19449
4123
7463
10717
26526
17500
26380
9072
21343
23794
23045
9107
6662
15626
475
9981
9538
18469
4692
14188
10410
12564
19032
21049
15871
13600
4689
7471
5809
6025
23000
23965
26277
28978
30861
26026
27702
10394
5702
27625
14714
9742
24173
301
8902
6173
675
6303
30324
23629
20649
22029
25059
24588
24449
5765
10176
3561
6096
26403
2948
6916
7047
24103
5694
18627
20674
2634
6291
28359
5105
27731
3587
24863
21813
12005
17774
1723
9485
4251
29398
13347
29745
13399
3686
7785
2750
19414
9395
31323
31380
20616
31811
7166
4348
16031
13388
10808
2959
1638
16573
15053
5203
10197
26498
27277
18726
11362
8964
17867
21088
29465
3568
5392
19636
751
15418
25105
2647
22356
9569
18655
28516
23303
1012
26974
28032
1326
20053
3320
25274
19622
11453
21650
24500
26008
4224
703
6408
32077
20627
13876
2021
26691
28491
10365
32249
30336
28007
17646
12436
25126
20049
11227
32522
3144
12705
30220
30809
31740
9699
19563
25611
21425
6298
10240
21086
12483
1925
19999
30627
10573
22304
23776
22244
23615
29294
31696
32713
18352
6134
1254
25532
22901
30731
14777
1612
28146
2129
22767
3279
12592
12413
10233
29004
5680
13404
17662
23704
22655
32535
21780
27582
15371
13237
25270
25764
32565
9953
115
7660
13095
9710
995
7705
28264
12056
27871
13811
3501
32525
19697
6700
30451
6060
17162
16451
4810
9228
24435
681
28660
24000
1030
20515
17710
22361
5278
27247
17742
20525
3020
30762
31118
30039
18380
28145
5672
13311
9143
4807
32035
220
12537
9142
25452
14582
9478
23225
19496
32689
20297
23770
20041
15879
11101
21400
22623
10005
25472
13707
26289
26073
22341
587
24461
22586
31369
30093
2524
31560
8359
30095
20985
27846
2032
16567
20676
9702
14677
7799
18674
21331
4199
6003
3751
28276
32642
30950
3398
31728
25668
10049
24456
4973
68
1046
11723
5278
27137
27445
18093
11644
2585
2837
9690
5587
30908
7285
23842
9217
20319
15682
5071
7930
17077
29372
4149
29072
6363
5845
32650
8946
20435
13529
28664
14450
2099
6484
12529
25739
2078
6449
3523
10018
27252
21535
5740
17164
20038
30265
27311
11473
6797
15589
15207
22191
10779
17148
30236
32226
29649
22572
20180
23843
787
26523
7211
26735
21625
12749
14758
30217
27335
24008
25669
30914
12320
9590
17751
12152
30582
8522
8082
28125
12869
30502
21091
25209
11905
28797
10115
32243
28877
15285
7883
24460
32493
23759
11337
27372
11902
4425
7315
27425
19428
11075
4955
26341
11653
10210
22596
2591
1845
1266
26100
18605
4592
6607
28523
7777
23503
30597
20371
4169
21557
5174
5912
21300
26697
17852
11385
15217
17322
20368
12896
23002
2398
2026
10287
27154
6411
22570
30939
30218
13417
7287
27645
21194
6391
9894
11558
23150
25069
26717
23923
1902
18034
2168
25442
21795
2064
26539
27876
2439
9573
22633
22452
19517
9499
3589
29670
11985
3354
1816
21699
2624
23035
30498
9172
21947
2752
29556
10813
23208
5315
26445
1101
27114
21485
4931
13138
30306
19240
7140
434
14517
18711
27550
27959
16464
17668
27612
2987
5546
2074
22898
7589
20937
30420
14395
17314
20232
3765
10752
2391
22295
27706
11420
15174
29251
27917
862
14992
15352
17019
20399
17162
24708
2088
7413
22418
10269
13057
25527
18596
13094
27763
18433
2344
19374
11738
5898
17806
28730
12349
18452
28957
31684
1080
1172
15752
3843
26169
31635
12483
7917
8944
1108
19732
19579
8192
21559
32621
27052
23803
19421
18425
20428
141
8077
20725
27382
17911
24278
26561
7896
24255
8054
3127
26806
7334
20347
2619
25265
30683
29352
20883
3146
17774
20250
32762
31778
12807
19756
20847
24323
21720
3735
27347
26660
28368
222
12979
5801
10770
28393
11363
29802
28069
21999
2380
12789
6509
410
25734
17366
15962
13158
23722
25878
9951
22859
32737
8961
17318
6043
15937
22060
20610
10797
22106
11447
17829
24763
28683
10704
26899
14985
22939
15992
5206
25927
6916
24458
627
9017
21394
15609
14878
23701
5549
32345
26666
24621
13555
10401
15939
5965
14987
4399
10719
12519
29621
524
30578
2029
20133
29554
13793
18687
31121
32395
28218
6982
30729
28028
930
20640
8839
3234
20367
24829
17479
8475
20023
13577
19288
10377
28488
1035
16116
17938
24281
18700
28685
172
23200
4925
6184
13975
26470
13715
23150
27178
31417
6580
23296
19411
27873
14870
24716
9562
18197
1893
13342
2661
16878
15654
13112
29249
2075
27035
18468
7903
4439
11494
15497
29981
10648
29552
6717
10823
30857
12172
3674
27358
7483
22104
660
24216
12823
9188
24777
11687
19736
27287
13530
27454
20535
29134
8378
2386
7718
10181
22212
14750
1856
10939
3666
24553
705
27985
9867
31115
2098
31284
27516
7726
7464
6907
12651
32210
27438
26195
14951
20
29184
31065
6692
26799
10746
24647
3078
9539
10959
29267
28540
10325
10878
9428
24207
30103
26754
6567
4795
17258
22857
27857
3069
21922
9704
1381
11821
30089
21517
28073
18574
11046
10805
30324
15268
7103
9247
10714
12613
12700
2944
20747
6899
28942
2296
4473
27241
7856
16709
25913
14452
6893
21175
29356
19972
5826
18147
1886
17283
1477
19612
14894
10853
29031
19999
30896
29953
4470
14222
975
4255
19942
416
8119
26066
3536
21654
31474
13064
30651
22385
4304
30047
1819
32610
2829
21434
6935
29570
26286
16405
25231
22723
24620
17173
18782
6694
27348
9699
19164
303
14190
28219
19879
12951
3613
24768
27812
25408
32646
32147
20800
22894
12596
11043
764
3635
18747
839
20520
811
15644
30346
13294
8298
2025
14789
23955
11955
2986
12788
15610
16874
8702
21058
14442
10188
8198
8294
28560
11998
20862
21298
12232
22947
12077
16233
32152
21010
21632
1746
22397
12615
30834
15754
5611
28537
28078
31134
3215
4140
28152
217
20695
24232
13513
2267
18868
20137
11577
15723
27807
21848
14114
271
19418
20090
18307
7129
23032
16872
26658
19587
1695
7487
23158
28607
6285
13784
25027
12744
26841
9979
30855
32317
25467
24655
29973
8751
28943
30869
24960
21625
11734
6294
2746
6223
4606
4698
2813
11802
28451
30875
21354
1667
26389
19065
30961
27598
16348
1904
18544
21866
14585
16262
26143
6598
17903
29641
31787
29286
20994
23288
15521
1589
28991
24193
14990
28189
8892
25515
24165
26581
2081
13589
31136
11002
13927
8287
15786
5218
992
7207
6653
7085
30584
2615
17799
18204
15674
27132
30547
4519
17430
3899
4709
30537
26849
12543
18662
7071
21149
25814
31361
16049
25595
23100
21004
29712
26142
27224
26219
20513
20642
20454
25265
32696
21213
7029
31113
32232
612
14290
10197
23578
21201
4804
2708
20573
15044
15865
19465
32253
10792
7233
27674
11351
13752
28410
26614
24555
7105
22475
1274
2483
1577
8854
17110
16564
11696
27559
14571
14802
17014
30258
25336
29160
15806
18172
8438
15896
241
22360
28224
13920
26086
29781
5111
11886
9312
7734
23205
12470
12504
31778
32544
12225
30845
14365
28338
25032
7802
22327
3702
31361
7799
25091
4613
14137
30818
29003
9554
28963
18799
29442
28115
10736
30301
15226
9954
18079
19196
14040
23906
27799
13036
20164
3749
13555
28583
22629
11917
10781
28609
7820
22770
17310
11119
23599
12868
21556
10823
15130
15218
7717
5702
10977
7434
468
23
9241
11681
31378
14482
11207
14197
23990
25476
11033
16721
4080
10158
28500
24241
9434
8208
26126
19239
7376
29287
27037
21757
13570
12020
12751
23324
32199
23935
15580
25132
11061
23452
17560
1277
21486
28717
5101
17446
4668
14376
20617
30956
15201
20634
3284
28517
8488
25068
13861
27613
4544
28773
13109
8056
2506
5617
18132
20505
19633
2337
2778
14211
22330
5490
5985
23998
24668
26834
10801
29373
23633
23136
25212
27453
13805
3700
25804
25840
12847
7135
31545
5595
12822
5748
1503
19196
18101
8903
20367
14897
19338
30516
6853
11093
31500
28195
31450
15532
12675
3467
19835
18049
21020
10165
26714
8717
573
31043
20259
22427
12054
26736
1458
30698
4473
18841
21123
9427
9195
19709
1386
3371
16123
31169
5764
24555
20434
23095
12653
31374
23820
15711
179
22203
19910
12718
19851
31524
9976
7439
18371
29614
13062
5672
2552
5330
18321
25310
11785
3651
7571
16411
1483
4305
28587
22222
19455
2957
21173
564
24961
17454
31902
19287
27330
20147
28022
15828
24951
10314
11975
31200
28307
31089
7462
10125
8307
17243
28679
12106
20825
31893
29654
23465
21020
24809
10819
18534
11550
30851
17629
17060
5501
6738
11746
32377
22158
28081
4949
17837
22407
12103
10322
959
1915
15659
4255
21289
17804
11852
10883
28645
6492
30993
10971
13104
20420
27964
16234
31886
20425
1300
11121
11278
15307
20931
4735
4559
13056
1789
25995
30403
18209
27106
9792
8883
31331
10022
29848
900
22953
21615
6828
22968
1784
8446
2763
3640
18475
31122
969
5456
28136
9097
20377
763
9938
4937
20510
13409
4864
478
20031
12958
11183
1508
16186
12997
21299
13224
29754
22308
8500
2186
26667
5578
16150
9638
8141
26695
26809
7603
20487
10419
25955
23082
15999
16370
3322
23467
4199
2357
11639
22942
31642
3780
25751
1302
3559
1020
16851
29434
32428
8339
17555
29030
16039
16676
2719
19535
14858
28903
17110
17766
205
16575
14370
17215
18760
3963
2219
31667
257
10069
23883
7555
24515
21695
13635
15677
12528
23136
6700
2404
18199
26201
20528
2507
19913
27852
22137
28226
28073
2975
19434
12404
30403
23421
3085
3344
1311
21022
6221
6183
21397
6601
8550
28886
12514
535
17689
22564
19196
28153
21540
12077
17571
25340
13425
8321
18745
7628
13198
30919
4819
20471
23901
29350
5776
27380
11021
31205
19242
7268
7752
10704
15818
24471
7342
2782
26913
18514
8067
21394
692
27344
2980
12447
12919
1286
17856
22607
26782
19756
22212
27941
17840
2424
13463
29634
18653
21805
776
24581
14481
14036
24837
32118
31049
27593
5645
14053
18086
3322
13287
334
703
28908
149
28160
4028
28415
15492
10238
26529
26610
6405
24742
26215
14249
29441
28560
31313
29742
9703
10681
11901
7671
2794
13281
17338
9575
30826
21553
19353
27030
21935
1825
31175
5205
5853
23449
8089
30573
13604
23126
1513
20264
30520
31888
6433
3603
7681
30170
7061
5633
18835
21833
21014
595
10848
16856
24259
26487
21164
22027
15907
11183
15426
24275
6769
23828
22118
434
26935
10458
12298
3615
1823
22485
4677
32300
17925
29756
7936
27238
8528
31918
18419
29949
3203
18546
12752
28709
4111
259
22461
17339
10348
21708
776
22060
7015
18224
27414
31891
14270
16845
4509
13857
13034
19202
12051
14018
6460
1454
17255
1277
1067
24123
7918
12060
2797
2268
30624
23438
8516
13586
24196
14473
22683
6773
10601
3828
14161
17073
9431
31875
6741
13519
8773
6436
21747
26038
13964
2970
749
4593
15516
20839
16590
25778
28782
15856
15995
4119
13882
29916
24587
15021
25065
25533
24792
26163
4813
32498
11478
13216
30608
17868
25636
10343
3690
20975
15585
22777
13719
30203
14145
7307
8201
12140
22496
11802
602
28607
23638
24237
3076
215
7691
15579
212
2206
5965
21900
1692
28655
16031
29188
31529
12468
11348
30493
26228
20299
15965
18899
23836
815
11872
23814
26388
21204
19978
19580
16025
9938
23973
10534
31592
6214
12525
23204
32301
32373
5663
14858
12350
32691
13140
18917
27529
10628
19981
12153
7884
21504
12559
20813
516
21628
9329
16106
28455
17254
11251
17887
13077
22897
32657
22536
27340
10226
29272
10000
16604
12426
15225
6453
7964
8198
21916
31563
10394
12419
26742
5124
4056
30422
28830
31854
7477
7979
6556
25021
31145
23787
32323
5195
4533
4580
17218
2013
9370
28836
16373
10536
21450
7717
10625
11412
18076
5808
29727
14911
13891
23035
24248
6981
30209
8853
23731
19519
19352
11395
21003
6409
11266
20268
21924
9673
12385
28274
28127
2348
22329
1826
31596
23539
26077
23182
18015
25007
32295
32120
24966
11976
15468
20018
22522
28612
29103
5636
22773
13766
19989
22990
21987
27733
3993
7662
18108
23647
2305
8548
2192
24702
5393
21556
2660
11897
18942
3340
15420
23054
294
16935
29817
29935
1789
18801
16229
28682
1867
25580
19725
8717
2453
6226
29007
5930
4568
8444
27187
3608
14718
28930
24703
18010
21642
5284
22149
963
30486
28905
31040
27450
28415
9861
1951
7355
1503
7168
17441
11934
7995
29461
9378
28188
1790
27993
13429
2319
1062
1053
23730
1273
958
14228
1745
10056
28684
22841
19832
13016
2059
21867
12178
7866
19228
16474
31137
10804
19704
10791
22869
29192
1513
32327
20317
27385
29498
29225
29565
25996
7147
18200
16097
32524
19882
25442
20657
9168
9727
1722
24805
1729
15303
7643
21851
12822
31971
31086
11558
5474
5169
27694
13866
13521
27579
5194
16614
23982
7983
21514
18064
1065
29328
15798
13671
11864
8490
30388
22341
4219
6347
22000
1651
16004
30000
16769
9410
5847
20414
3977
2263
19022
14195
28252
21959
9600
25883
6117
28900
32579
32711
21574
2518
28783
1403
4031
26861
14565
11303
2001
30645
30160
20184
21411
14283
3371
15152
19364
7152
29316
29460
5234
30556
10495
13988
20731
30548
9885
27248
16354
23295
31934
11752
18468
23926
27109
13845
14587
1562
14524
16519
16642
21290
4184
12943
24730
29333
6589
14510
23437
32012
7845
31308
28146
26460
1405
13741
18513
7675
20145
22562
5895
32480
30505
26236
6379
9624
25620
18886
2353
15767
15332
21556
24719
20172
20633
4694
12703
14456
32579
15505
9349
20031
10434
23760
21969
19328
10193
31863
7335
4322
26691
28313
31773
24623
907
2666
17380
2662
1666
27127
9259
17419
17509
276
14528
5058
23325
8342
20344
3868
19652
14787
28114
22961
21092
30215
22999
6767
19458
30441
10820
23345
29147
21052
8683
1683
10989
7834
23127
30725
11449
9230
431
21023
18504
1297
12252
3893
2156
29624
5870
42
1352
18219
4796
11657
4370
1369
23499
20177
8728
13546
24946
19473
7681
2933
3899
32181
27222
19444
395
7840
26177
26997
28038
9339
12692
16914
16429
29260
25868
1570
14537
6474
8152
8113
653
7152
3669
11822
4471
26448
19996
27236
18039
30378
21310
1708
7891
21821
13006
24416
29386
29277
30368
3986
1912
31686
24145
15870
30713
12848
12679
13886
14801
27683
1914
8765
16523
15117
10164
30702
1185
26258
26645
28478
29084
12835
11289
5191
32636
8402
26974
18886
31578
11108
21856
20431
17228
7336
8327
8895
31113
2056
25189
18035
29390
3678
6968
20919
25600
25865
28343
19969
4882
21311
31755
16224
3881
6564
30491
26799
13310
30748
26380
8206
31876
17886
11784
18323
26828
20427
15935
15932
31525
28925
8236
23848
4231
6562
11802
21767
6194
14347
10470
32720
28306
14336
2566
31410
24422
3159
14026
7244
4897
30405
30946
6944
27536
499
24609
30789
5054
25044
29057
605
18197
11831
18278
1223
5061
11160
1831
30486
7274
5692
20426
16577
7401
9085
1551
25883
13978
11618
8625
11142
18349
15474
24552
6116
20934
25546
